Simulation time, Job produced counter, Turnaround time, Arrival time, Job arrival rate, Throughput, Queue size, Average turnaround time
13.786031209022276,1,12.786031209022276,1.0,1.0,0.07253719252757454,12,12.786031209022276
25.87185783513441,2,23.87185783513441,2.0,1.0,0.07730407351280227,23,18.328944522078345
38.864365502583794,3,35.864365502583794,3.0,1.0,0.07719153422948724,35,24.174084848913495
49.866800302554275,4,45.866800302554275,4.0,1.0,0.08021368878153412,45,29.597263712323688
59.23726011027359,5,54.23726011027359,5.0,1.0,0.08440633463958681,54,34.525262991913664
68.66085665025048,6,62.66085665025048,6.0,1.0,0.08738603467421363,62,39.21452860163647
83.79591525739164,7,76.79591525739164,7.0,1.0,0.0835362914588194,76,44.58329812388721
99.32583850132433,8,91.32583850132433,8.0,1.0,0.0805429898272979,91,50.426115671066846
119.49142926588928,9,110.49142926588928,9.0,1.0,0.07531920954743482,110,57.100039403824894
134.2002972647626,10,124.20029726476261,10.0,1.0,0.07451548322781347,124,63.81006518991867
166.78230876071513,11,155.78230876071513,11.0,1.0,0.06595423748319644,155,72.17117824180924
188.572937798536,12,176.572937798536,12.0,1.0,0.06363585432826174,176,80.87132487153649
201.2735527253604,13,188.2735527253604,13.0,1.0,0.06458871433416102,188,89.13303470644601
215.70901942866794,14,201.70901942866794,14.0,1.0,0.06490224672607911,201,97.174176472319
238.5827043192826,15,223.5827043192826,15.0,1.0,0.06287127997311277,223,105.60141166211658
255.39028510344735,16,239.39028510344735,16.0,1.0,0.06264921155289484,239,113.96321625219974
263.1058922414081,17,246.10589224140813,17.0,1.0,0.06461276809567591,246,121.73631483980023
274.61869452808014,18,256.61869452808014,18.0,1.0,0.06554542847467901,256,129.22978037803801
287.9738012384807,19,268.9738012384807,19.0,1.0,0.06597822412416422,268,136.58472884437708
302.3081205197607,20,282.3081205197607,20.0,1.0,0.06615766710339718,282,143.87089842814626
312.7071007471133,21,291.7071007471133,21.0,1.0,0.06715549455009891,291,150.9107175861923
336.5954885010174,22,314.5954885010174,22.0,1.0,0.06536035315854657,314,158.35093444595708
348.33804121096955,23,325.33804121096955,23.0,1.0,0.06602781573910885,325,165.61124343574022
360.79961010992685,24,336.79961010992685,24.0,1.0,0.06651891888876428,336,172.74409204716468
369.39709995556774,25,344.39709995556774,25.0,1.0,0.06767784588186285,344,179.6102123635008
381.4022430556831,26,355.4022430556831,26.0,1.0,0.06816949945468494,355,186.37144431320013
396.10488180860295,27,369.10488180860295,27.0,1.0,0.06816376480067303,369,193.13934940562245
409.56794778907613,28,381.56794778907613,28.0,1.0,0.06836472470843777,381,199.86894220503152
438.8460704712501,29,409.8460704712501,29.0,1.0,0.066082396428567,409,207.1095328349011
451.9425038915584,30,421.9425038915584,30.0,1.0,0.06638012521875652,421,214.27063187012303
475.9218628571286,31,444.9218628571286,31.0,1.0,0.06513674285500555,444,221.71099416002644
491.5734919304568,32,459.5734919304568,32.0,1.0,0.06509708217652847,459,229.1441972153524
505.1058635392066,33,472.1058635392066,33.0,1.0,0.06533283888009848,472,236.50667195243886
511.1177347446312,34,477.1177347446312,34.0,1.0,0.06652087706756518,477,243.5834679169151
548.6691719997515,35,513.6691719997515,35.0,1.0,0.06379071722297504,513,251.30020231928185
570.065234997393,36,534.065234997393,36.0,1.0,0.06315066730944334,534,259.1547865603405
580.7558310017235,37,543.7558310017235,37.0,1.0,0.06371007921897248,543,266.84670668037785
590.8441177774362,38,552.8441177774362,38.0,1.0,0.06431476400737249,552,274.37295434082677
606.433619451217,39,567.433619451217,39.0,1.0,0.0643104187318844,567,281.8873303692983
623.8394836708915,40,583.8394836708915,40.0,1.0,0.06411905794199799,583,289.4361342018382
635.452118775541,41,594.452118775541,41.0,1.0,0.06452099031316995,594,296.87554845973335
642.9653422399416,42,600.9653422399416,42.0,1.0,0.06532233892060461,600,304.11578164497644
652.4028944840388,43,609.4028944840388,43.0,1.0,0.06591019194359507,609,311.21548194355927
661.3328391679331,44,617.3328391679331,44.0,1.0,0.06653230777918019,617,318.17269460774963
672.1851680212461,45,627.1851680212461,45.0,1.0,0.06694583894564252,627,325.0396384613829
685.6618393167581,46,639.6618393167581,46.0,1.0,0.06708846454957687,639,331.8792515234562
695.9913160454795,47,648.9913160454795,47.0,1.0,0.06752957819509459,648,338.62631672605244
711.5265669606935,48,663.5265669606935,48.0,1.0,0.06746058717811958,663,345.39507193927415
723.4433668644377,49,674.4433668644377,49.0,1.0,0.0677316321419557,674,352.11034326427745
737.9022023765477,50,687.9022023765477,50.0,1.0,0.06775965682032922,687,358.82618044652287
754.8285803910383,51,703.8285803910383,51.0,1.0,0.06756500922842575,703,365.59093338661137
766.1882247528628,52,714.1882247528628,52.0,1.0,0.06786844057381959,714,372.29472745134694
777.5690185902974,53,724.5690185902974,53.0,1.0,0.06816115191431746,724,378.9414121898177
787.9262685449767,54,733.9262685449767,54.0,1.0,0.06853433139082804,733,385.5152058260243
800.1674424473027,55,745.1674424473027,55.0,1.0,0.0687356134258389,745,392.0543374009567
808.6263398680449,56,752.6263398680449,56.0,1.0,0.06925324743828938,752,398.49312315929757
819.7096531812634,57,762.7096531812634,57.0,1.0,0.06953681682140142,762,404.88288684389346
835.5639710505932,58,777.5639710505932,58.0,1.0,0.06941419449557396,777,411.3084227784917
847.0478298828605,59,788.0478298828605,59.0,1.0,0.0696536817857844,788,417.69383645822677
856.822936945388,60,796.822936945388,60.0,1.0,0.07002613657134656,796,424.01265479967947
875.1682395728592,61,814.1682395728592,61.0,1.0,0.06970088406061456,814,430.4086479926824
897.7002210045545,62,835.7002210045545,62.0,1.0,0.06906537232509542,835,436.9456088477126
908.8607157652106,63,845.8607157652106,63.0,1.0,0.06931755208162725,845,443.43632483053005
926.5510965287754,64,862.5510965287754,64.0,1.0,0.06907336275330002,862,449.98499313831513
946.5157068572007,65,881.5157068572007,65.0,1.0,0.06867292273027904,881,456.6239271955288
959.4712249875756,66,893.4712249875756,66.0,1.0,0.06878788887165913,893,463.24282564692345
969.7315190678395,67,902.7315190678395,67.0,1.0,0.06909128834381312,902,469.80235838454905
997.8251059019001,68,929.8251059019001,68.0,1.0,0.0681482151509278,929,476.56739878921593
1012.4709718891008,69,943.4709718891008,69.0,1.0,0.06815010199379601,943,483.3341172399389
1027.858156016785,70,957.858156016785,70.0,1.0,0.06810278207186488,957,490.1130320796082
1040.4764845573147,71,969.4764845573147,71.0,1.0,0.06823796698318266,969,496.8646300018294
1052.6087598117579,72,980.6087598117579,72.0,1.0,0.06840148281957681,980,503.5832984714118
1063.9322482476919,73,990.9322482476919,73.0,1.0,0.06861339161420457,990,510.25931148204575
1078.2564977284303,74,1004.2564977284303,74.0,1.0,0.06862931051739198,1004,516.9349491340239
1090.9982001528258,75,1015.9982001528258,75.0,1.0,0.0687443847198777,1015,523.5891258142746
1119.5047472214776,76,1043.5047472214776,76.0,1.0,0.06788716187995272,1043,530.4301208327904
1130.9390127383097,77,1053.9390127383097,77.0,1.0,0.0680850153126844,1053,537.2289376107842
1145.4970780880399,78,1067.4970780880399,78.0,1.0,0.06809270969960966,1067,544.0272471040823
1173.6738733740847,79,1094.6738733740847,79.0,1.0,0.06731000986917288,1094,550.9974575631963
1187.113858077041,80,1107.113858077041,80.0,1.0,0.06739033451230099,1107,557.9489125696193
1199.3887800691273,81,1118.3887800691273,81.0,1.0,0.06753439864205794,1118,564.8679232794899
1213.3235892167213,82,1131.3235892167213,82.0,1.0,0.06758296033207126,1131,571.7759192055537
1225.7468137656049,83,1142.7468137656049,83.0,1.0,0.06771382072372394,1142,578.6550866098917
1232.1006224055209,84,1148.1006224055209,84.0,1.0,0.06817624995270322,1148,585.4342001312682
1248.8194613644002,85,1163.8194613644002,85.0,1.0,0.06806428201169533,1163,592.2387326163639
1259.6857628497942,86,1173.6857628497942,86.0,1.0,0.06827099466889403,1173,598.9997445958223
1274.4063012715721,87,1187.4063012715721,87.0,1.0,0.06826708241570485,1187,605.763038350716
1285.4998003665655,88,1197.4998003665655,88.0,1.0,0.06845586438434798,1197,612.4873197372598
1299.843353975895,89,1210.843353975895,89.0,1.0,0.06846978886168961,1210,619.210421245559
1307.0305496031551,90,1217.0305496031551,90.0,1.0,0.06885837521343789,1217,625.852867116199
1326.9156888904083,91,1235.9156888904083,91.0,1.0,0.06858009198466551,1235,632.5568541686629
1348.2134071448108,92,1256.2134071448108,92.0,1.0,0.06823845506390097,1256,639.3357297444905
1360.783795907747,93,1267.783795907747,93.0,1.0,0.06834296548774074,1267,646.0932358322675
1379.6455704191499,94,1285.6455704191499,94.0,1.0,0.06813344094704112,1285,652.8969840725534
1390.4119070289719,95,1295.4119070289719,95.0,1.0,0.0683250765616613,1295,659.6602990510421
1409.8096105074408,96,1313.8096105074408,96.0,1.0,0.0680943010208635,1313,666.474354378713
1410.3287403583724,97,1313.3287403583724,97.0,1.0,0.06877829063835979,1313,673.1429562960291
1427.2923285656414,98,1329.2923285656414,98.0,1.0,0.06866147742732226,1329,679.8383580538822
1435.3597429186018,99,1336.3597429186018,99.0,1.0,0.06897225625033725,1336,686.4698871939298
1449.5993845140779,100,1349.5993845140779,100.0,1.0,0.06898457675154238,1349,693.1011821671314
1466.0831684333298,101,1365.0831684333298,101.0,1.0,0.0688910439562099,1365,699.754469159866
1481.4015961562686,102,1379.4015961562686,102.0,1.0,0.06885371277083485,1379,706.4176762872817
1490.7276256882658,103,1387.7276256882658,103.0,1.0,0.069093775566442,1387,713.0323359902038
1505.8711089151968,104,1401.8711089151968,104.0,1.0,0.06906301567530555,1401,719.6557857298671
1514.8253271356982,105,1409.8253271356982,105.0,1.0,0.06931492240002275,1409,726.2288289813512
1548.839269989082,106,1442.839269989082,106.0,1.0,0.06843834738303557,1442,732.9893048399147
1554.9314005811375,107,1447.9314005811375,107.0,1.0,0.06881332511518515,1447,739.6710066692718
1579.7526139901806,108,1471.7526139901806,108.0,1.0,0.06836513454294009,1471,746.4495400703913
1594.542525981073,109,1485.542525981073,109.0,1.0,0.06835816431608537,1485,753.2302096659022
1611.0426522230985,110,1501.0426522230985,110.0,1.0,0.06827876335130519,1501,760.0285045982404
1623.6271469731062,111,1512.6271469731062,111.0,1.0,0.06836544967047081,1512,766.8086725475634
1637.3151293047124,112,1525.3151293047124,112.0,1.0,0.06840466932444515,1525,773.5810516257523
1647.9195267123334,113,1534.9195267123334,113.0,1.0,0.06857130956233015,1534,780.3185602548369
1688.4016207086117,114,1574.4016207086117,114.0,1.0,0.06751948031899833,1574,787.2842011360104
1710.6466281764062,115,1595.6466281764062,115.0,1.0,0.06722604078820942,1595,794.3134396320138
1722.096308760601,116,1606.096308760601,116.0,1.0,0.06735976345218789,1606,801.3115678141569
1734.6919976767679,117,1617.6919976767679,117.0,1.0,0.06744713191546127,1617,808.289178325803
1749.9114976711714,118,1631.9114976711714,118.0,1.0,0.0674319816499506,1631,815.2690284897469
1772.6810131666155,119,1653.6810131666155,119.0,1.0,0.06712995689361237,1653,822.3145073525777
1784.7130298615127,120,1664.7130298615127,120.0,1.0,0.06723770039898883,1664,829.3344950401521
1802.0256611308314,121,1681.0256611308314,121.0,1.0,0.06714665756983086,1681,836.3732650078437
1822.7561945181255,122,1700.7561945181255,122.0,1.0,0.0669316063041841,1700,843.4583709874361
1836.1798155295912,123,1713.1798155295912,123.0,1.0,0.06698690343926056,1713,850.5292770406244
1850.8301484400833,124,1726.8301484400833,124.0,1.0,0.06699696355417037,1726,857.5962195519104
1862.8830053498439,125,1737.8830053498439,125.0,1.0,0.06710029542436315,1737,864.6385138382939
1874.1863541484947,126,1748.1863541484947,126.0,1.0,0.06722917372709503,1748,871.6507982852002
1889.3827132558288,127,1762.3827132558288,127.0,1.0,0.06721772095667723,1762,878.6644354109532
1899.895878009231,128,1771.895878009231,128.0,1.0,0.06737211311502098,1771,885.6428060562522
1916.0988457261092,129,1787.0988457261092,129.0,1.0,0.06732429294435237,1787,892.6308373715224
1928.5563603257076,130,1798.5563603257076,130.0,1.0,0.06740793407668144,1798,899.5994952404008
1936.9444608755794,131,1805.9444608755794,131.0,1.0,0.06763229542512672,1805,906.5181591002112
1954.193304464645,132,1822.193304464645,132.0,1.0,0.06754705366067235,1822,913.4550920196388
1978.0908171305778,133,1845.0908171305778,133.0,1.0,0.06723654892293067,1845,920.4598719076909
1988.05728707468,134,1854.05728707468,134.0,1.0,0.0674024842599852,1854,927.4270167969968
2000.7860650827834,135,1865.7860650827834,135.0,1.0,0.06747348072639356,1865,934.3778245620767
2012.3621616311552,136,1876.3621616311552,136.0,1.0,0.06758226853647598,1876,941.3041799817023
2027.6766367529178,137,1890.6766367529178,137.0,1.0,0.0675650138275446,1890,948.233905943536
2052.802044113925,138,1914.8020441139251,138.0,1.0,0.06722518637181431,1914,955.2380228867997
2064.365527745272,139,1925.3655277452722,139.0,1.0,0.06733303677659144,1925,962.217357454127
2074.8140877770397,140,1934.8140877770397,140.0,1.0,0.06747592510806416,1934,969.1644769564335
2083.3054839373112,141,1942.3054839373112,141.0,1.0,0.06768090473871322,1942,976.0661862258015
2096.873189184158,142,1954.873189184158,142.0,1.0,0.0677198796438657,1954,982.9591932888885
2109.12847243823,143,1966.12847243823,143.0,1.0,0.06780051659664275,1966,989.8345029332894
2125.618529255719,144,1981.6185292557188,144.0,1.0,0.0677449871734141,1981,996.7218920049729
2135.148575291548,145,1990.1485752915478,145.0,1.0,0.06791096492205499,1990,1003.5731105103977
2145.1703387487846,146,1999.1703387487846,146.0,1.0,0.06805986329512534,1999,1010.3922696079208
2151.7382244229243,147,2004.7382244229243,147.0,1.0,0.068316860448684,2004,1017.1565278039413
2161.397927288534,148,2013.397927288534,148.0,1.0,0.06847420279784643,2013,1023.8878886112698
2176.441327057729,149,2027.4413270577288,149.0,1.0,0.06846037986304414,2027,1030.6231465874205
2191.228320833391,150,2041.228320833391,150.0,1.0,0.06845475598040392,2041,1037.3605144157268
2207.2365841190135,151,2056.2365841190135,151.0,1.0,0.06841133437459286,2056,1044.108038056146
2229.5920183593244,152,2077.5920183593244,152.0,1.0,0.06817390748996817,2077,1050.9072747686666
2246.293124890205,153,2093.293124890205,153.0,1.0,0.06811221487733413,2093,1057.720254181226
2254.974198682851,154,2100.974198682851,154.0,1.0,0.0682934643287505,2100,1064.4946304442235
2274.3638479786164,155,2119.3638479786164,155.0,1.0,0.0681509249884354,2119,1071.300238299284
2289.188860464302,156,2133.188860464302,156.0,1.0,0.06814640884123449,2133,1078.1072166464955
2306.6467250775354,157,2149.6467250775354,157.0,1.0,0.06806417224324744,2149,1084.9323090568844
2317.665228715709,158,2159.665228715709,158.0,1.0,0.06817205437713399,2159,1091.7344161433327
2328.962747605261,159,2169.962747605261,159.0,1.0,0.06827073561545395,2169,1098.5157264040995
2337.475349706969,160,2177.475349706969,160.0,1.0,0.0684499197050604,2177,1105.2592240497424
2352.0171038155067,161,2191.0171038155067,161.0,1.0,0.06845188316820544,2191,1112.0030618122628
2368.846074091433,162,2206.846074091433,162.0,1.0,0.06838772758256774,2206,1118.761352011517
2376.6499043738127,163,2213.6499043738127,163.0,1.0,0.06858393392313555,2213,1125.478459694721
2393.0866138493434,164,2229.0866138493434,164.0,1.0,0.06853074144951304,2229,1132.207777707859
2400.8084987889715,165,2235.8084987889715,165.0,1.0,0.06872684767786776,2235,1138.8962669265325
2441.922653057487,166,2275.922653057487,166.0,1.0,0.0679792211240411,2275,1145.74582346949
2451.5805726811122,167,2284.5805726811122,167.0,1.0,0.06811931937336428,2284,1152.5651932252483
2463.4077336484656,168,2295.4077336484656,168.0,1.0,0.06819821083827693,2295,1159.367827394434
2473.614170827478,169,2304.614170827478,169.0,1.0,0.0683210833739143,2304,1166.144432976878
2504.2543147697966,170,2334.2543147697966,170.0,1.0,0.06788447922296073,2334,1173.01566757566
2516.7043440234233,171,2345.7043440234233,171.0,1.0,0.06794600263876227,2345,1179.8734960928982
2533.2458861936266,172,2361.2458861936266,172.0,1.0,0.06789708055479828,2361,1186.741940221391
2548.356692182677,173,2375.356692182677,173.0,1.0,0.0678868859020771,2375,1193.6125457240573
2552.7752102216537,174,2378.7752102216537,174.0,1.0,0.06816111316941684,2378,1200.4238254050779
2572.5199531379485,175,2397.5199531379485,175.0,1.0,0.06802668324750437,2397,1207.2643747064087
2592.3127101330965,176,2416.3127101330965,176.0,1.0,0.06789304365635876,2416,1214.133967521333
2596.0099193301303,177,2419.0099193301303,177.0,1.0,0.06818155765971524,2419,1220.9411762886143
2605.962953149575,178,2427.962953149575,178.0,1.0,0.06830488506556422,2427,1227.7221975069344
2631.090327789978,179,2452.090327789978,179.0,1.0,0.06803263198886586,2452,1234.56224292751
2651.345518654957,180,2471.345518654957,180.0,1.0,0.06789005760792545,2471,1241.4332611259958
2662.878916044807,181,2481.878916044807,181.0,1.0,0.06797154722635328,2481,1248.2865520371495
2679.886296749712,182,2497.886296749712,182.0,1.0,0.06791332909188642,2497,1255.1524847004055
2692.9764639035734,183,2509.9764639035734,183.0,1.0,0.06795454860185983,2509,1262.0094463353955
2709.273889494755,184,2525.273889494755,184.0,1.0,0.06791487590585153,2525,1268.8750139612616
2718.153339142343,185,2533.153339142343,185.0,1.0,0.06806091375932931,2533,1275.7089508541324
2734.7768733587695,186,2548.7768733587695,186.0,1.0,0.06801286123630279,2548,1282.5534020503937
2758.851807212962,187,2571.851807212962,187.0,1.0,0.06778182123124277,2571,1289.4480459282684
2769.0085049509094,188,2581.0085049509094,188.0,1.0,0.06789433823112544,2581,1296.3180483698782
2784.072828748199,189,2595.072828748199,189.0,1.0,0.0678861551495332,2595,1303.1897667845783
2808.7623604123546,190,2618.7623604123546,190.0,1.0,0.06764545220269404,2618,1310.1138330668298
2821.576324223288,191,2630.576324223288,191.0,1.0,0.06769265759719532,2630,1317.027249250895
2830.993733932187,192,2638.993733932187,192.0,1.0,0.06782070821941252,2638,1323.91249135861
2837.913841260142,193,2644.913841260142,193.0,1.0,0.06800770241646964,2644,1330.7570579384108
2851.2717971083957,194,2657.2717971083957,194.0,1.0,0.06803981303948091,2657,1337.594762779493
2863.2019737300393,195,2668.2019737300393,195.0,1.0,0.06810556914570841,2668,1344.4183895023164
2880.2539877579675,196,2684.2539877579675,196.0,1.0,0.06804955425218222,2684,1351.254285411784
2891.8052480107963,197,2694.8052480107963,197.0,1.0,0.06812353637421178,2694,1358.0743410594946
2922.9484748479795,198,2724.9484748479795,198.0,1.0,0.06773981878359928,2724,1364.9777457755981
2931.4128688160076,199,2732.4128688160076,199.0,1.0,0.06788535389092965,2732,1371.8492790572082
2940.9649068215917,200,2740.9649068215917,200.0,1.0,0.06800489170615344,2740,1378.6948571960302
2949.119885590546,201,2748.119885590546,201.0,1.0,0.06815592712323758,2748,1385.5079170387892
2960.3662353367204,202,2758.3662353367204,202.0,1.0,0.06823480067729659,2758,1392.3042453471946
2968.2758490843203,203,2765.2758490843203,203.0,1.0,0.06838987018764554,2765,1399.0676522621557
2987.8205582128817,204,2783.8205582128817,204.0,1.0,0.06827719269795085,2783,1405.8556567030907
3006.4161423667056,205,2801.4161423667056,205.0,1.0,0.06818749976462682,2801,1412.6632688282791
3024.4042666075716,206,2818.4042666075716,206.0,1.0,0.0681125874190976,2818,1419.4872542543922
3051.1384548412134,207,2844.1384548412134,207.0,1.0,0.06784352892001837,2844,1426.369627204087
3062.97507617071,208,2854.97507617071,208.0,1.0,0.06790783301444255,2854,1433.2379226318112
3077.2759682216233,209,2868.2759682216233,209.0,1.0,0.06791721059739156,2868,1440.1041333762598
3092.3696963844413,210,2882.3696963844413,210.0,1.0,0.06790908611138224,2882,1446.9720646286798
3105.567558437138,211,2894.567558437138,211.0,1.0,0.06794249232374927,2894,1453.8327067794307
3117.7919105242036,212,2905.7919105242036,212.0,1.0,0.06799684073987985,2905,1460.6815709480381
3141.619482182561,213,2928.619482182561,213.0,1.0,0.0677994267631749,2928,1467.5732982308293
3171.95441487698,214,2957.95441487698,214.0,1.0,0.0674662911283672,2957,1474.5376959721666
3187.941391630265,215,2972.941391630265,215.0,1.0,0.06744164135654082,2972,1481.5070154868554
3200.595282238711,216,2984.595282238711,216.0,1.0,0.0674874456007181,2984,1488.4657574625585
3215.1165766608588,217,2998.1165766608588,217.0,1.0,0.06749366463886385,2998,1495.422673680062
3230.596435647987,218,3012.596435647987,218.0,1.0,0.06747979957957019,3012,1502.3821863496396
3266.6013685877965,219,3047.6013685877965,219.0,1.0,0.06704215644612833,3047,1509.4379817023255
3283.404572319146,220,3063.404572319146,220.0,1.0,0.06700362235428356,3063,1516.501466205129
3297.535024069945,221,3076.535024069945,221.0,1.0,0.06701975820934064,3076,1523.5604415800829
3311.161693597303,222,3089.161693597303,222.0,1.0,0.06704595563221058,3089,1530.6126994720526
3318.2194899088777,223,3095.2194899088777,223.0,1.0,0.06720471646862754,3095,1537.6288734201999
3339.9975372108256,224,3115.9975372108256,224.0,1.0,0.06706591771533417,3115,1544.6751620978364
3347.1332547803745,225,3122.1332547803745,225.0,1.0,0.06722170373069404,3122,1551.6860869542033
3369.3327157011668,226,3143.3327157011668,226.0,1.0,0.0670755959917033,3143,1558.7287711521988
3390.8782259976674,227,3163.8782259976674,227.0,1.0,0.06694430907592143,3163,1565.7999141250864
3396.867252731171,228,3168.867252731171,228.0,1.0,0.06712066826181741,3168,1572.830911224236
3409.5511385676323,229,3180.5511385676323,229.0,1.0,0.06716426611398588,3180,1579.8515235707137
3421.0535378888,230,3191.0535378888,230.0,1.0,0.06723075141990838,3191,1586.8567497199226
3437.6808307034175,231,3206.6808307034175,231.0,1.0,0.06719646511009367,3206,1593.8689751787256
3463.8160652620754,232,3231.8160652620754,232.0,1.0,0.06697815231203585,3231,1600.9290919463263
3466.7895739820765,233,3233.7895739820765,233.0,1.0,0.06720915562589742,3233,1607.9370768477672
3477.11649881451,234,3243.11649881451,234.0,1.0,0.06729714120299969,3243,1614.9250230954883
3488.4006751178076,235,3253.4006751178076,235.0,1.0,0.06736611470013082,3253,1621.8972599126043
3498.6829938463043,236,3262.6829938463043,236.0,1.0,0.06745395350624538,3262,1628.8497418360523
3510.787791213733,237,3273.787791213733,237.0,1.0,0.06750621629513685,3273,1635.7904087110635
3525.2841847170616,238,3287.2841847170616,238.0,1.0,0.06751228767081704,3287,1642.7294581900803
3543.9689147317868,239,3304.9689147317868,239.0,1.0,0.06743851476984185,3304,1649.6844349956943
3558.007022161377,240,3318.007022161377,240.0,1.0,0.06745349250440984,3318,1656.6357791088847
3569.28106064547,241,3328.28106064547,241.0,1.0,0.06752060034084777,3328,1663.5720665841402
3579.1166634102437,242,3337.1166634102437,242.0,1.0,0.06761444869176694,3337,1670.487540124744
3590.910853760086,243,3347.910853760086,243.0,1.0,0.0676708528549384,3347,1677.3905167240664
3603.706617825915,244,3359.706617825915,244.0,1.0,0.06770806446702453,3359,1684.2852548433361
3617.358826438977,245,3372.358826438977,245.0,1.0,0.06772897347349542,3372,1691.1753510539306
3628.613591499757,246,3382.613591499757,246.0,1.0,0.06779448783862509,3382,1698.0511162589949
3645.643578542047,247,3398.643578542047,247.0,1.0,0.06775209772393037,3398,1704.9361059848372
3654.141225903364,248,3406.141225903364,248.0,1.0,0.06786820340768036,3406,1711.7958040490248
3665.812533736885,249,3416.812533736885,249.0,1.0,0.06792491370151228,3416,1718.643260794759
3684.4261015402412,250,3434.4261015402412,250.0,1.0,0.06785317254578392,3434,1725.506392157741
3695.0576391211152,251,3444.0576391211152,251.0,1.0,0.06792857500856235,3444,1732.3532098747264
3710.705377774674,252,3458.705377774674,252.0,1.0,0.0679116163491065,3458,1739.2038137155994
3718.9937029817024,253,3465.9937029817024,253.0,1.0,0.0680291552516363,3465,1746.0290701949118
3732.22965376255,254,3478.22965376255,254.0,1.0,0.06805583352673289,3478,1752.8487575317922
3747.38164593195,255,3492.38164593195,255.0,1.0,0.06804751266175962,3492,1759.6704551333617
3754.0585502297954,256,3498.0585502297954,256.0,1.0,0.0681928628908384,3498,1766.4610336298322
3768.4673026554947,257,3511.4673026554947,257.0,1.0,0.0681974870311073,3511,1773.2509412914108
3780.876597917835,258,3522.876597917835,258.0,1.0,0.06823814354112563,3522,1780.0324360845364
3788.710974831488,259,3529.710974831488,259.0,1.0,0.06836098127319402,3529,1786.7879516781538
3802.6221623643087,260,3542.6221623643087,260.0,1.0,0.06837387173863813,3542,1793.541160180793
3814.861257328753,261,3553.861257328753,261.0,1.0,0.06841664280675774,3553,1800.2856816258043
3827.2522514823218,262,3565.2522514823218,262.0,1.0,0.0684564232468674,3565,1807.0221952512109
3842.3939188354784,263,3579.3939188354784,263.0,1.0,0.06844691240811351,3579,1813.761251234421
3858.4785990618925,264,3594.4785990618925,264.0,1.0,0.06842075010191478,3594,1820.5063927034646
3872.563636718286,265,3607.563636718286,265.0,1.0,0.06843012145426436,3607,1827.2500049450298
3885.0520274315822,266,3619.0520274315822,266.0,1.0,0.06846755155962564,3619,1833.9861027739269
3901.7088074407843,267,3634.7088074407843,267.0,1.0,0.0684315547820523,3634,1840.7303825666866
3911.097457847657,268,3643.097457847657,268.0,1.0,0.06852296647894959,3643,1847.4556328475858
3924.828295218173,269,3655.828295218173,269.0,1.0,0.06853803014204138,3655,1854.1782078006363
3945.330704546261,270,3675.330704546261,270.0,1.0,0.06843532778858694,3675,1860.9232170478422
3959.145842879288,271,3688.145842879288,271.0,1.0,0.06844910764967307,3688,1867.6657359623493
3972.839333364512,272,3700.839333364512,272.0,1.0,0.06846488799979965,3700,1874.4053447763279
4000.0487568849253,273,3727.0487568849253,273.0,1.0,0.06824916809579122,3727,1881.1915843811214
4022.279812442993,274,3748.279812442993,274.0,1.0,0.06812057161025352,3748,1888.0057749944858
4036.989746486237,275,3761.989746486237,275.0,1.0,0.06812006402526977,3761,1894.8202621635469
4046.848919333029,276,3770.848919333029,276.0,1.0,0.06820121173327326,3770,1901.6174674431466
4058.6479275693055,277,3781.6479275693055,277.0,1.0,0.06824932956574366,3781,1908.4045810176094
4078.245697115165,278,3800.245697115165,278.0,1.0,0.068166564902318,3800,1915.209764888464
4090.3812662237087,279,3811.3812662237087,279.0,1.0,0.06820880055945892,3811,1922.0060785133217
4102.197421782654,280,3822.1974217826537,280.0,1.0,0.06825610062382688,3822,1928.792476167855
4116.349393092904,281,3835.3493930929044,281.0,1.0,0.0682643704811619,3835,1935.5773762280865
4131.435980990716,282,3849.4359809907164,282.0,1.0,0.06825713899417038,3849,1942.3641088690888
4145.8968637051075,283,3862.8968637051075,283.0,1.0,0.06826026051865854,3862,1949.150443691831
4158.8106985222275,284,3874.8106985222275,284.0,1.0,0.06828875382592317,3874,1955.9309375468677
4170.88890312562,285,3885.8889031256203,285.0,1.0,0.06833075793182215,3885,1962.702719882232
4196.4746151310455,286,3910.4746151310455,286.0,1.0,0.06815244371282082,3910,1969.5131111243606
4216.240587356279,287,3929.2405873562793,287.0,1.0,0.06807011935245336,3929,1976.341429856876
4226.278120150579,288,3938.2781201505786,288.0,1.0,0.06814506566116355,3938,1983.1537100315068
4235.834184586489,289,3946.834184586489,289.0,1.0,0.06822741103785979,3946,1989.9484521579948
4257.772795946157,290,3967.772795946157,290.0,1.0,0.06811072687488402,3967,1996.7685361020917
4270.6667775568385,291,3979.6667775568385,291.0,1.0,0.068139242689048,3979,2003.58261940606
4280.753055178551,292,3988.753055178551,292.0,1.0,0.06821229728417974,3988,2010.381148295692
4297.369384210701,293,4004.3693842107014,293.0,1.0,0.06818124620064872,4004,2017.1865688960843
4309.868635422577,294,4015.8686354225774,294.0,1.0,0.06821553621927821,4015,2023.984807217603
4324.494203631357,295,4029.494203631357,295.0,1.0,0.06821607015966934,4029,2030.7831441545986
4335.611823445438,296,4039.611823445438,296.0,1.0,0.06827179462869297,4039,2037.569727530581
4363.241602439235,297,4066.241602439235,297.0,1.0,0.06806865790653549,4066,2044.4002725639434
4367.8662655592925,298,4069.8662655592925,298.0,1.0,0.06822553207494826,4069,2051.19713831225
4380.842844881222,299,4081.842844881222,299.0,1.0,0.06825170648368849,4081,2057.9885955248556
4400.176928583338,300,4100.176928583338,300.0,1.0,0.06817907663012694,4100,2064.7958899683836
4410.194468230277,301,4109.194468230277,301.0,1.0,0.06825095858432412,4109,2071.587911823074
4425.130757191407,302,4123.130757191407,302.0,1.0,0.06824657090848923,4123,2078.3811000527708
4433.152781045445,303,4130.152781045445,303.0,1.0,0.06834864823416828,4130,2085.1526237524163
4446.159093693874,304,4142.159093693874,304.0,1.0,0.06837362172468653,4142,2091.9190924035393
4460.446750458559,305,4155.446750458559,305.0,1.0,0.06837880083842371,4155,2098.684756856179
4470.45360529355,306,4164.45360529355,306.0,1.0,0.06844942974861869,4164,2105.435635445843
4505.043104848928,307,4198.043104848928,307.0,1.0,0.06814585184980043,4198,2112.2519464210977
4518.798797357139,308,4210.798797357139,308.0,1.0,0.06815970655301949,4210,2119.065410222838
4534.299280689008,309,4225.299280689008,309.0,1.0,0.06814724412126719,4225,2125.881701065771
4552.7153884221025,310,4242.7153884221025,310.0,1.0,0.06809123205644554,4242,2132.7101968314364
4573.414289509789,311,4262.414289509789,311.0,1.0,0.06800171170002077,4262,2139.558119959019
4578.5067235548995,312,4266.5067235548995,312.0,1.0,0.06814448876854617,4266,2146.3752629192627
4592.796868971102,313,4279.796868971102,313.0,1.0,0.0681501945175554,4279,2153.191306389077
4599.706259439425,314,4285.706259439425,314.0,1.0,0.06826522875360042,4285,2159.9827552841416
4613.145497977844,315,4298.145497977844,315.0,1.0,0.06828312701996483,4298,2166.770573514915
4622.195806421941,316,4306.195806421941,316.0,1.0,0.06836577532283661,4306,2173.540906530444
4639.841181436201,317,4322.841181436201,317.0,1.0,0.06832130402831522,4322,2180.3210335806198
4669.213600626516,318,4351.213600626516,318.0,1.0,0.06810568699562827,4351,2187.147739766299
4683.424127813649,319,4364.424127813649,319.0,1.0,0.06811255852433719,4364,2193.9730575971685
4696.554350466318,320,4376.554350466318,320.0,1.0,0.06813505734650498,4376,2200.7936241373845
4713.931497557639,321,4392.931497557639,321.0,1.0,0.06809602561393077,4392,2207.6227140857345
4727.623012097985,322,4405.623012097985,322.0,1.0,0.06811033772701464,4405,2214.44880196776
4736.043744912154,323,4413.043744912154,323.0,1.0,0.06820038356845691,4413,2221.2555974567517
4750.767522269656,324,4426.767522269656,324.0,1.0,0.06819950639159261,4426,2228.0627330271623
4762.578776756016,325,4437.578776756016,325.0,1.0,0.0682403410493024,4437,2234.861243930943
4783.641321632936,326,4457.641321632936,326.0,1.0,0.06814892214550844,4457,2241.679587727575
4801.50537171717,327,4474.50537171717,327.0,1.0,0.06810364139675104,4474,2248.507801134271
4807.842736752947,328,4479.842736752947,328.0,1.0,0.06822186538936588,4479,2255.3106515477425
4821.250750901952,329,4492.250750901952,329.0,1.0,0.06823955380011114,4492,2262.109861576175
4846.431486666557,330,4516.431486666557,330.0,1.0,0.06809133708129207,4516,2268.941139227964
4858.27140903938,331,4527.27140903938,331.0,1.0,0.0681312286061532,4527,2275.763889287817
4868.917586975141,332,4536.917586975141,332.0,1.0,0.06818764008003225,4536,2282.574593196514
4901.4396154184005,333,4568.4396154184005,333.0,1.0,0.06793922319321977,4568,2289.439052722706
4920.11023928309,334,4586.11023928309,334.0,1.0,0.06788465781381907,4586,2296.3153137603117
4931.289379866284,335,4596.289379866284,335.0,1.0,0.06793355128736812,4596,2303.180907987494
4943.130756766764,336,4607.130756766764,336.0,1.0,0.06797311593265908,4607,2310.0379015850513
4955.939704081769,337,4618.939704081769,337.0,1.0,0.06799921309019213,4618,2316.889242245279
4967.628241558261,338,4629.628241558261,338.0,1.0,0.0680405182441702,4629,2323.731665320169
4977.174765902805,339,4638.174765902805,339.0,1.0,0.06811092958245944,4638,2330.5589311035988
5000.150830016157,340,4660.150830016157,340.0,1.0,0.06799794877365757,4660,2337.4106719827532
5011.2995594438435,341,4670.2995594438435,341.0,1.0,0.06804622153496734,4670,2344.25198836827
5033.081094901141,342,4691.081094901141,342.0,1.0,0.06795042510768794,4691,2351.114061779185
5045.742485740175,343,4702.742485740175,343.0,1.0,0.06797810252294005,4702,2357.9701213242606
5059.140964314851,344,4715.140964314851,344.0,1.0,0.06799573335205282,4715,2364.8223621469074
5068.425750755849,345,4723.425750755849,345.0,1.0,0.06806847273012741,4723,2371.658893708093
5080.7800172308525,346,4734.7800172308525,346.0,1.0,0.06809977972409409,4734,2378.4887235448637
5093.365545184704,347,4746.365545184704,347.0,1.0,0.06812784138928644,4746,2385.312576056794
5113.044119286632,348,4765.044119286632,348.0,1.0,0.06806121595691467,4765,2392.1508850890636
5129.107787284531,349,4780.107787284531,349.0,1.0,0.0680430231677328,4780,2398.9931684764433
5139.680300141194,350,4789.680300141194,350.0,1.0,0.06809762077816106,4789,2405.823703138343
5158.397537477924,351,4807.397537477924,351.0,1.0,0.06804438732180636,4807,2412.665793834467
5171.404846705816,352,4819.404846705816,352.0,1.0,0.0680666106085707,4819,2419.503120689215
5178.26255835755,353,4825.26255835755,353.0,1.0,0.06816958314140895,4825,2426.318303232185
5190.729874740662,354,4836.729874740662,354.0,1.0,0.06819850166402397,4836,2433.1273754680847
5200.647761330106,355,4845.647761330106,355.0,1.0,0.06826072756544581,4845,2439.9232075409354
5214.418070566568,356,4858.418070566568,356.0,1.0,0.06827223962142322,4858,2446.716732437075
5228.073854070815,357,4871.073854070815,357.0,1.0,0.0682851868517549,4871,2453.5076487441725
5240.599081845382,358,4882.599081845382,358.0,1.0,0.06831280058041318,4882,2460.2928203450138
5255.28365337969,359,4896.28365337969,359.0,1.0,0.06831220228600333,4896,2467.0783101306256
5269.570324640206,360,4909.570324640206,360.0,1.0,0.06831676547073692,4909,2473.86301017093
5284.441864986459,361,4923.441864986459,361.0,1.0,0.0683137423446563,4923,2480.648547164879
5290.191029615175,362,4928.191029615175,362.0,1.0,0.06842853083631141,4928,2487.4097142434707
5304.396198726937,363,4941.396198726937,363.0,1.0,0.06843380215209426,4941,2494.170007589155
5319.5567332206665,364,4955.5567332206665,364.0,1.0,0.06842675400505038,4955,2500.9320590331977
5333.393103107995,365,4968.393103107995,365.0,1.0,0.06843673304097893,4968,2507.6922262772387
5341.939207983324,366,4975.939207983324,366.0,1.0,0.0685144449890083,4975,2514.4360704895503
5356.688583565192,367,4989.688583565192,367.0,1.0,0.06851247636944761,4989,2521.1806277458873
5372.781184369451,368,5004.781184369451,368.0,1.0,0.06849339054986817,5004,2527.9295423019294
5381.134072149923,369,5012.134072149923,369.0,1.0,0.0685729058322038,5012,2534.6618039004334
5387.8822501927825,370,5017.8822501927825,370.0,1.0,0.06867262178692957,5017,2541.3732105120343
5418.75965097073,371,5047.75965097073,371.0,1.0,0.0684658526852244,5047,2548.1289691116535
5430.811781518951,372,5058.811781518951,372.0,1.0,0.06849804687872185,5058,2554.8781164568345
5449.238498382675,373,5076.238498382675,373.0,1.0,0.06844993114371958,5076,2561.6377957649465
5459.320447216782,374,5085.320447216782,374.0,1.0,0.06850669485625617,5085,2568.3856103410208
5470.463361824547,375,5095.463361824547,375.0,1.0,0.06854995184081214,5095,2575.1244843449767
5478.711872578498,376,5102.711872578498,376.0,1.0,0.06862927066523022,5102,2581.8467912285764
5490.629013823428,377,5113.629013823428,377.0,1.0,0.06866244269114698,5113,2588.5623939410298
5501.932308403044,378,5123.932308403044,378.0,1.0,0.06870313533714047,5123,2595.2697217570667
5520.639367552435,379,5141.639367552435,379.0,1.0,0.0686514685649588,5141,2601.988375176052
5525.957959507455,380,5145.957959507455,380.0,1.0,0.0687663573962243,5145,2608.683031976924
5549.530480638669,381,5168.530480638669,381.0,1.0,0.06865445668408195,5168,2615.401791684698
5553.378892754346,382,5171.378892754346,382.0,1.0,0.06878695067941545,5171,2622.0928312162937
5568.464160592759,383,5185.464160592759,383.0,1.0,0.06878018587430935,5185,2628.7857067499135
5575.071775328351,384,5191.071775328351,384.0,1.0,0.06887803699664187,5191,2635.45832672017
5592.347711520994,385,5207.347711520994,385.0,1.0,0.06884407405620502,5207,2642.1385588884837
5617.975827012182,386,5231.975827012182,386.0,1.0,0.06870802080422747,5231,2648.8479818628975
5628.975027461499,387,5241.975027461499,387.0,1.0,0.06875141533085208,5241,2655.548568544031
5643.790962509286,388,5255.790962509286,388.0,1.0,0.06874811674943597,5255,2662.2502241985803
5660.125963544984,389,5271.125963544984,389.0,1.0,0.06872638568565814,5271,2668.9568456364887
5667.311255636732,390,5277.311255636732,390.0,1.0,0.06881570155726038,5277,2675.6449338672587
5677.97588284375,391,5286.97588284375,391.0,1.0,0.0688625679410551,5286,2682.3235296446924
5699.108883860358,392,5307.108883860358,392.0,1.0,0.06878268304543678,5307,2689.0194106503445
5710.634673929694,393,5317.634673929694,393.0,1.0,0.06881897064684099,5317,2695.707999106526
5729.564577853854,394,5335.564577853854,394.0,1.0,0.06876613303616558,5335,2702.4081427074075
5743.681513324434,395,5348.681513324434,395.0,1.0,0.06877122261804774,5348,2709.107568962134
5773.490050472028,396,5377.490050472028,396.0,1.0,0.06858936216017622,5377,2715.8459085619065
5787.611941404336,397,5390.611941404336,397.0,1.0,0.0685947855556587,5390,2722.583354488462
5802.874557474097,398,5404.874557474097,398.0,1.0,0.06858669717190015,5404,2729.322779621592
5817.562425682916,399,5418.562425682916,399.0,1.0,0.0685854264732126,5418,2736.0627286092144
5830.823021124569,400,5430.823021124569,400.0,1.0,0.06860095025193433,5430,2742.799629340503
5841.586922184762,401,5440.586922184762,401.0,1.0,0.06864573023421269,5440,2749.52727844984
5858.219291560028,402,5456.219291560028,402.0,1.0,0.06862153497380404,5456,2756.26034315907
5863.910369535191,403,5460.910369535191,403.0,1.0,0.06872547065072965,5460,2762.9716335471003
5871.094590237757,404,5467.094590237757,404.0,1.0,0.0688117000655647,5467,2769.6650072022753
5886.041978397856,405,5481.041978397856,405.0,1.0,0.06880684872557408,5481,2776.3597651558443
5901.512596179228,406,5495.512596179228,406.0,1.0,0.06879592195784746,5495,2783.057185921912
5930.025262115665,407,5523.025262115665,407.0,1.0,0.06863377169742342,5523,2789.7892942172284
5943.230761363233,408,5535.230761363233,408.0,1.0,0.06864953026094761,5535,2796.518317421018
5952.922731241903,409,5543.922731241903,409.0,1.0,0.06870574648206026,5543,2803.2356876259587
5972.797476712075,410,5562.797476712075,410.0,1.0,0.06864455083209989,5562,2809.966326135925
5984.242198600372,411,5573.242198600372,411.0,1.0,0.06868037528563382,5573,2816.689625095693
5995.391287489336,412,5583.391287489336,412.0,1.0,0.06871945136587265,5583,2823.404920392765
6007.178443375324,413,5594.178443375324,413.0,1.0,0.06875107904534676,5594,2830.113815121536
6018.833562239214,414,5604.833562239214,414.0,1.0,0.06878409175447903,5604,2836.8160367329315
6040.518895448004,415,5625.518895448004,415.0,1.0,0.06870270703279059,5625,2843.535802657546
6047.025049956659,416,5631.025049956659,416.0,1.0,0.06879415854296513,5631,2850.2364979635536
6061.529741207683,417,5644.529741207683,417.0,1.0,0.06879451521373184,5644,2856.937440992916
6071.949612034252,418,5653.949612034252,418.0,1.0,0.06884115098246998,5653,2863.628857670048
6090.380111692452,419,5671.380111692452,419.0,1.0,0.06879701961386517,5671,2870.329934648622
6100.060298732795,420,5680.060298732795,420.0,1.0,0.06885177841393622,5680,2877.0197688488224
6114.613934541565,421,5693.613934541565,421.0,1.0,0.06885144418059877,5693,2883.710016273271
6124.805897311475,422,5702.805897311475,422.0,1.0,0.06890014264537588,5702,2890.3903382662525
6138.583217491934,423,5715.583217491934,423.0,1.0,0.06890840850616127,5715,2897.0692812431453
6147.038029931187,424,5723.038029931187,424.0,1.0,0.06897630988054038,5723,2903.7343018768433
6165.888967053497,425,5740.888967053497,425.0,1.0,0.06892761161787436,5740,2910.4099599125534
6181.3444679851955,426,5755.3444679851955,426.0,1.0,0.0689170458314313,5755,2917.088209931503
6200.185942061844,427,5773.185942061844,427.0,1.0,0.06886890231843645,5773,2923.7769634025344
6214.992037996872,428,5786.992037996872,428.0,1.0,0.06886573585023399,5786,2930.466718249718
6227.390834969826,429,5798.390834969826,429.0,1.0,0.06888920438250905,5798,2937.1518560509303
6238.076678624027,430,5808.076678624027,430.0,1.0,0.06893150279371812,5808,2943.8284254057517
6255.813941908455,431,5824.813941908455,431.0,1.0,0.06889591090819995,5824,2950.5128465577304
6266.248346914512,432,5834.248346914512,432.0,1.0,0.06894077222660923,5834,2957.1881602159638
6276.716497064115,433,5843.716497064115,433.0,1.0,0.06898511350680445,5843,2963.854507414227
6299.188070959486,434,5865.188070959486,434.0,1.0,0.06889776826966425,5865,2970.5396077910596
6315.554400756345,435,5880.554400756345,435.0,1.0,0.06887756361466933,5880,2977.22929697029
6328.487536895212,436,5892.487536895212,436.0,1.0,0.06889481846303894,5892,2983.9156690802097
6332.820050120454,437,5895.820050120454,437.0,1.0,0.06900559253877551,5895,2990.579065833162
6342.358139010055,438,5904.358139010055,438.0,1.0,0.0690594870866698,5904,2997.2315294705522
6354.851804526553,439,5915.851804526553,439.0,1.0,0.06908107592490212,5915,3003.879867226944
6363.766297187261,440,5923.766297187261,440.0,1.0,0.06914144540387614,5923,3010.515972749581
6377.646714005215,441,5936.646714005215,441.0,1.0,0.0691477624546952,5936,3017.151189849934
6404.626280697161,442,5962.626280697161,442.0,1.0,0.06901261379327306,5962,3023.8151606437054
6413.741252076081,443,5970.741252076081,443.0,1.0,0.0690704508630753,5970,3030.46736401037
6429.166575797379,444,5985.166575797379,444.0,1.0,0.06906027317311075,5985,3037.1220919648454
6439.275222288242,445,5994.275222288242,445.0,1.0,0.06910715641718854,5994,3043.7673798981564
6448.646594670051,446,6002.646594670051,446.0,1.0,0.06916179906162463,6002,3050.401638227241
6459.5106776427565,447,6012.5106776427565,447.0,1.0,0.0692002881189016,6012,3057.0282803735845
6470.798856950347,448,6022.798856950347,448.0,1.0,0.069234110023185,6022,3063.648303982015
6482.284791339666,449,6033.284791339666,449.0,1.0,0.06926570097627677,6033,3070.2621937088693
6499.484942122415,450,6049.484942122415,450.0,1.0,0.06923625548904679,6049,3076.8826887053438
6512.5992525290985,451,6061.5992525290985,451.0,1.0,0.06925038414191675,6061,3083.5006855209176
6547.289147212293,452,6095.289147212293,452.0,1.0,0.06903620564740946,6095,3090.16393432997
6556.542992745586,453,6103.542992745586,453.0,1.0,0.0690912879700807,6103,3096.8159852315493
6576.547488002842,454,6122.547488002842,454.0,1.0,0.0690331820500349,6122,3103.4805920658473
6591.121924818559,455,6136.121924818559,455.0,1.0,0.06903225356622807,6136,3110.145737852117
6602.947260083568,456,6146.947260083568,456.0,1.0,0.06906007000186593,6146,3116.805390313151
6614.718271963447,457,6157.718271963447,457.0,1.0,0.06908835436529465,6157,3123.4594666406133
6625.699668680174,458,6167.699668680174,458.0,1.0,0.06912477517883521,6167,3130.1062793088217
6640.601479215469,459,6181.601479215469,459.0,1.0,0.06912024482068858,6181,3136.75441699925
6646.5359109025085,460,6186.5359109025085,460.0,1.0,0.06920898437416827,6186,3143.3843767686053
6656.53448188353,461,6195.53448188353,461.0,1.0,0.06925525605773707,6195,3150.0050928317614
6679.905850599731,462,6217.905850599731,462.0,1.0,0.06916265144044223,6217,3156.645570662428
6686.278802052698,463,6223.278802052698,463.0,1.0,0.06924628985824795,6223,3163.268968570398
6706.098947334805,464,6242.098947334805,464.0,1.0,0.06919074765283724,6242,3169.9043780073903
6721.3721631486105,465,6256.3721631486105,465.0,1.0,0.06918230217178926,6256,3176.5419431367263
6733.450343867717,466,6267.450343867717,466.0,1.0,0.06920671813142502,6267,3183.174793782072
6743.910713288582,467,6276.910713288582,467.0,1.0,0.06924765464047394,6276,3189.799495965169
6753.128184536186,468,6285.128184536186,468.0,1.0,0.06930121674154818,6285,3196.4134461544236
6766.502133479821,469,6297.502133479821,469.0,1.0,0.06931203016687834,6297,3203.025575551706
6777.785595849852,470,6307.785595849852,470.0,1.0,0.06934418230753546,6307,3209.6314479353186
6788.262329769071,471,6317.262329769071,471.0,1.0,0.0693844723611356,6317,3216.229390359594
6800.731227812494,472,6328.731227812494,472.0,1.0,0.06940430141830826,6328,3222.8236739135205
6808.197330411131,473,6335.197330411131,473.0,1.0,0.06947507204105036,6335,3229.403745068906
6838.863730591905,474,6364.863730591905,474.0,1.0,0.06930975943849889,6364,3236.018639553132
6851.324383802149,475,6376.324383802149,475.0,1.0,0.06932966144808317,6376,3242.6298095410248
6886.271083436687,476,6410.271083436687,476.0,1.0,0.0691230412268995,6410,3249.284518099629
6903.54248980918,477,6426.54248980918,477.0,1.0,0.06909496113106196,6426,3255.945436279314
6914.778788469001,478,6436.778788469001,478.0,1.0,0.06912730177241633,6436,3262.599899359209
6922.59106753499,479,6443.59106753499,479.0,1.0,0.06919374484596896,6443,3269.2407995015383
6933.447332014119,480,6453.447332014119,480.0,1.0,0.06922963094904816,6453,3275.8745631109396
6943.083616222414,481,6462.083616222414,481.0,1.0,0.06927757558272098,6462,3282.4986983564936
6954.153607216705,482,6472.153607216705,482.0,1.0,0.06931109481099214,6472,3289.1162396611826
6965.8234611923845,483,6482.8234611923845,483.0,1.0,0.06933853588033967,6482,3295.728469933504
6982.671510664261,484,6498.671510664261,484.0,1.0,0.06931444494572209,6498,3302.346120844105
6995.202518290994,485,6510.202518290994,485.0,1.0,0.06933323213042457,6510,3308.9602577460573
7007.560921419363,486,6521.560921419363,486.0,1.0,0.06935366034628238,6521,3315.570547177484
7020.562670606464,487,6533.562670606464,487.0,1.0,0.06936765938134286,6533,3322.1783338785704
7027.517068196145,488,6539.517068196145,488.0,1.0,0.06944131124326988,6539,3328.771241121024
7057.756623887193,489,6568.756623887193,489.0,1.0,0.0692854721491762,6568,3335.396978100096
7067.562467915512,490,6577.562467915512,490.0,1.0,0.06933083396495529,6577,3342.0136423650256
7086.817157890061,491,6595.817157890061,491.0,1.0,0.0692835710391298,6595,3348.640533435341
7104.334811798667,492,6612.334811798667,492.0,1.0,0.06925349283692277,6612,3355.274058391364
7160.70230281965,493,6667.70230281965,493.0,1.0,0.0688479955109812,6667,3361.9929797796567
7170.649963391701,494,6676.649963391701,494.0,1.0,0.06889194180750934,6676,3368.7028117302884
7184.337291368974,495,6689.337291368974,495.0,1.0,0.06889988316593608,6689,3375.411164214407
7199.937828130267,496,6703.937828130267,496.0,1.0,0.06888948374833466,6703,3382.121903456173
7212.698781347736,497,6715.698781347736,497.0,1.0,0.06890624647812238,6715,3388.8293016008242
7224.644945996558,498,6726.644945996558,498.0,1.0,0.06893072306286278,6726,3395.5317426538277
7236.957790309589,499,6737.957790309589,499.0,1.0,0.06895162504169496,6737,3402.229991246324
7256.431370991303,500,6756.431370991303,500.0,1.0,0.0689043931427267,6756,3408.938394005814
7269.460360618543,501,6768.460360618543,501.0,1.0,0.06891845820002118,6768,3415.6440266737036
7290.412958681676,502,6788.412958681676,502.0,1.0,0.06885755345342968,6788,3422.3626898848747
7306.668178669052,503,6803.668178669052,503.0,1.0,0.06884122663027843,6803,3429.0849671985607
7314.20976447204,504,6810.20976447204,504.0,1.0,0.06890696551363948,6810,3435.793548145532
7329.475454315581,505,6824.475454315581,505.0,1.0,0.06889988282894882,6824,3442.5038093458684
7344.212674587439,506,6838.212674587439,506.0,1.0,0.0688977869269594,6838,3449.2146964313265
7355.979936930192,507,6848.979936930192,507.0,1.0,0.06892351588054793,6848,3455.920347793257
7366.783962821743,508,6858.783962821743,508.0,1.0,0.06895817802771805,6858,3462.6188982165413
7377.947490050272,509,6868.947490050272,509.0,1.0,0.06898937688109404,6868,3469.311095842934
7391.665066333921,510,6881.665066333921,510.0,1.0,0.06899663275096786,6881,3476.0019859811514
7409.148878768236,511,6898.148878768236,511.0,1.0,0.06896878553275249,6898,3482.6989466323985
7421.089197084926,512,6909.089197084926,512.0,1.0,0.06899256785663194,6909,3489.3911150903136
7431.685964944054,513,6918.685964944054,513.0,1.0,0.06902875100211017,6918,3496.07590037268
7440.30849502507,514,6926.30849502507,514.0,1.0,0.06908315701475064,6926,3502.7495046424315
7454.409581602408,515,6939.409581602408,515.0,1.0,0.06908662508577842,6939,3509.4226310054605
7468.952184128758,516,6952.952184128758,516.0,1.0,0.06908599590401457,6952,3516.0961378913585
7485.558715387941,517,6968.558715387941,517.0,1.0,0.06906632085287255,6968,3522.7740152172705
7502.04073974222,518,6984.04073974222,518.0,1.0,0.0690478788332732,6984,3529.4559973109476
7508.438701432548,519,6989.438701432548,519.0,1.0,0.06912222642251566,6989,3536.122630652223
7524.678758469005,520,7004.678758469005,520.0,1.0,0.069105940159205,7004,3542.792930898024
7534.459545273556,521,7013.459545273556,521.0,1.0,0.06914895446307476,7013,3549.4544791022
7558.501125986031,522,7036.501125986031,522.0,1.0,0.06906131140278204,7036,3556.134645092399
7573.405087135227,523,7050.405087135227,523.0,1.0,0.06905744430446595,7050,3562.815850526515
7591.30486219917,524,7067.30486219917,524.0,1.0,0.0690263412564621,7067,3569.5038066556613
7602.585717493231,525,7077.585717493231,525.0,1.0,0.06905545290886982,7077,3576.1858674382092
7613.802737423425,526,7087.802737423425,526.0,1.0,0.06908505751201045,7087,3582.861945137801
7631.530839565828,527,7104.530839565828,527.0,1.0,0.06905560772522307,7104,3589.5444288084423
7646.109524502217,528,7118.109524502217,528.0,1.0,0.06905472623796535,7118,3596.227317247256
7659.131531057291,529,7130.131531057291,529.0,1.0,0.06906788293880822,7130,3602.907665477521
7674.7641571644535,530,7144.7641571644535,530.0,1.0,0.06905749664049816,7144,3609.590413575043
7688.758644108293,531,7157.758644108293,531.0,1.0,0.0690618635047014,7157,3616.2724629734107
7697.519872433699,532,7165.519872433699,532.0,1.0,0.0691131700621124,7165,3622.943980660366
7711.336937373612,533,7178.336937373612,533.0,1.0,0.06911901325654346,7178,3629.6145115360005
7729.653241858045,534,7195.653241858045,534.0,1.0,0.06908459969565695,7195,3636.2924866864164
7754.545368287326,535,7219.545368287326,535.0,1.0,0.06899179443683627,7219,3642.990155623988
7760.287278139475,536,7224.287278139475,536.0,1.0,0.06906960796540328,7224,3649.671680106293
7775.378016898161,537,7238.378016898161,537.0,1.0,0.06906416624798725,7238,3656.3545596906356
7790.30601620861,538,7252.30601620861,538.0,1.0,0.06906018824942567,7252,3663.0384843310035
7805.544789747069,539,7266.544789747069,539.0,1.0,0.06905347602488944,7266,3669.724024786321
7811.886689148345,540,7271.886689148345,540.0,1.0,0.06912542660790578,7271,3676.3946963869917
7823.806166754363,541,7282.806166754363,541.0,1.0,0.06914792985271886,7282,3683.06089134146
7841.802078867597,542,7299.802078867597,542.0,1.0,0.06911676608883095,7299,3689.7338455619874
7855.104414327276,543,7312.104414327276,543.0,1.0,0.06912702509843129,7312,3696.4048779169884
7869.509130381552,544,7325.509130381552,544.0,1.0,0.06912756450078918,7325,3703.076025439901
7887.315368429005,545,7342.315368429005,545.0,1.0,0.06909828941055175,7342,3709.7535288215327
7894.564367037614,546,7348.564367037614,546.0,1.0,0.06916151096059568,7348,3716.4180175362135
7907.990655461814,547,7360.990655461814,547.0,1.0,0.06917054202918202,7360,3723.0808559967722
7923.76265913306,548,7375.76265913306,548.0,1.0,0.0691590628813656,7375,3729.7463337397216
7940.9460843722445,549,7391.9460843722445,549.0,1.0,0.06913533905996795,7391,3736.4170072381417
7951.185054164574,550,7401.185054164574,550.0,1.0,0.06917207891066851,7401,3743.080221868917
7965.593381250723,551,7414.593381250723,551.0,1.0,0.06917249897502104,7414,3749.7435851345826
7990.634253295039,552,7438.634253295039,552.0,1.0,0.0690808742462935,7438,3756.426358084149
8011.150787667265,553,7458.150787667265,553.0,1.0,0.06902878433536835,7458,3763.1202539785127
8020.712887800075,554,7466.712887800075,554.0,1.0,0.06907116708324806,7466,3769.805439238118
8036.469742959712,555,7481.469742959712,555.0,1.0,0.06906017414999957,7481,3776.493122668247
8046.98513590989,556,7490.98513590989,556.0,1.0,0.06909419995307745,7490,3783.1738636992577
8061.862143533452,557,7504.862143533452,557.0,1.0,0.0690907373610672,7504,3789.8555302698755
8070.35932893339,558,7512.35932893339,558.0,1.0,0.0691419027650343,7512,3796.5266840309214
8093.408154410696,559,7534.408154410696,559.0,1.0,0.06906855422772168,7534,3803.2134129582555
8105.985032393183,560,7545.985032393183,560.0,1.0,0.06908475623408196,7545,3809.8969337072463
8117.429537717933,561,7556.429537717933,561.0,1.0,0.06911054754381211,7556,3816.5752449443416
8134.163938865343,562,7572.163938865343,562.0,1.0,0.06909130480082197,7572,3823.257787104344
8144.455481621772,563,7581.455481621772,563.0,1.0,0.0691267821735201,7581,3829.933093844162
8163.450157208692,564,7599.450157208692,564.0,1.0,0.06908843554363626,7599,3836.6166347366525
8187.674567795764,565,7622.674567795764,565.0,1.0,0.06900616228963113,7622,3843.3176222287925
8199.41909336969,566,7633.41909336969,566.0,1.0,0.06902928043496222,7633,3850.0139145806315
8224.414793407153,567,7657.414793407153,567.0,1.0,0.06894107535219623,7657,3856.7289073122474
8251.53943735455,568,7683.53943735455,568.0,1.0,0.06883564022352916,7683,3863.4662497947165
8262.935016536438,569,7693.935016536438,569.0,1.0,0.0688617299859278,7693,3870.198180843472
8269.267282251883,570,7699.267282251883,570.0,1.0,0.06892992819610226,7699,3876.915845933662
8282.372976383365,571,7711.372976383365,571.0,1.0,0.0689415945922948,7711,3883.631182414309
8299.988769760816,572,7727.988769760816,572.0,1.0,0.06891575589643642,7727,3890.3520872872923
8314.849666257249,573,7741.849666257249,573.0,1.0,0.06891285146444791,7741,3897.073723550766
8334.057810134595,574,7760.057810134595,574.0,1.0,0.06887401228510676,7760,3903.8036609838387
8342.497421007938,575,7767.497421007938,575.0,1.0,0.06892420470542125,7767,3910.5231283925764
8354.462850803675,576,7778.462850803675,576.0,1.0,0.06894518657708681,7778,3917.238301521762
8366.929136914468,577,7789.9291369144685,577.0,1.0,0.06896198002374672,7789,3923.9500707338816
8376.877391444947,578,7798.877391444947,578.0,1.0,0.06899945803078054,7798,3930.6540972403022
8402.065264879766,579,7823.065264879766,579.0,1.0,0.06891162848022528,7823,3937.376741743997
8412.844032057154,580,7832.8440320571535,580.0,1.0,0.0689422028733576,7832,3944.09306465833
8425.229240473094,581,7844.229240473094,581.0,1.0,0.06895954797395823,7844,3950.8058635840007
8434.552321600177,582,7852.552321600177,582.0,1.0,0.06900188389483898,7852,3957.509895298805
8446.468368509859,583,7863.468368509859,583.0,1.0,0.06902293059825357,7863,3964.209652542735
8460.235878610494,584,7876.235878610494,584.0,1.0,0.06902880822466098,7876,3970.9083275873713
8470.97929746509,585,7885.97929746509,585.0,1.0,0.06905931173448378,7885,3977.6007565957098
8485.422813855821,586,7899.422813855821,586.0,1.0,0.06905961115374504,7899,3984.2932857036626
8497.193918091762,587,7910.193918091762,587.0,1.0,0.06908162926000684,7910,3990.981361738395
8513.791760946917,588,7925.791760946917,588.0,1.0,0.0690644094323728,7925,3997.673216158818
8525.772155800334,589,7936.772155800334,589.0,1.0,0.06908465171676983,7936,4004.36099024989
8536.676338710522,590,7946.676338710522,590.0,1.0,0.06911354918360656,7946,4011.0428806710097
8552.331654137224,591,7961.331654137224,591.0,1.0,0.06910396180836853,7961,4017.7269564298354
8560.473064527725,592,7968.473064527725,592.0,1.0,0.06915505668174896,7968,4024.4005140448658
8575.33808432848,593,7982.338084328479,593.0,1.0,0.06915179252042712,7982,4031.0749450234216
8585.601297540305,594,7991.601297540305,594.0,1.0,0.06918560266363354,7991,4037.7424978054364
8597.653145726288,595,8002.653145726288,595.0,1.0,0.06920493184768241,8002,4044.4062131800933
8610.611273669383,596,8014.611273669383,596.0,1.0,0.06921692096617162,8014,4051.0676310668196
8631.647035840097,597,8034.647035840097,597.0,1.0,0.06916408855936212,8034,4057.7402933863727
8644.289816365143,598,8046.2898163651425,598.0,1.0,0.06917861532914851,8046,4064.41010864219
8653.968589847722,599,8054.968589847722,599.0,1.0,0.06921679848742555,8054,4071.07214283452
8668.52053222176,600,8068.520532221761,600.0,1.0,0.0692159634126423,8068,4077.7345568168316
8700.48183316178,601,8099.481833161781,601.0,1.0,0.06907663409045874,8099,4084.4263160120813
8710.906961625771,602,8108.906961625771,602.0,1.0,0.06910876245745655,8108,4091.111499808782
8724.433860855357,603,8121.433860855357,603.0,1.0,0.06911623259653904,8121,4097.79528481881
8738.32506463873,604,8134.32506463873,604.0,1.0,0.0691207978110358,8134,4104.478281143014
8749.32006012949,605,8144.32006012949,605.0,1.0,0.06914823047301415,8144,4111.155705571091
8766.89446234995,606,8160.89446234995,606.0,1.0,0.06912367915486037,8160,4117.838442793498
8786.636362476478,607,8179.636362476478,607.0,1.0,0.06908218059327079,8179,4124.530037389351
8797.617387204698,608,8189.617387204698,608.0,1.0,0.06910962062117847,8189,4131.216036319968
8803.53323557928,609,8194.53323557928,609.0,1.0,0.06917677070142024,8194,4137.888149947652
8818.820967846626,610,8208.820967846626,610.0,1.0,0.06917024421110902,8208,4144.561810304864
8826.429964396932,611,8215.429964396932,611.0,1.0,0.06922391073906252,8215,4151.2244423082875
8837.723639665908,612,8225.723639665908,612.0,1.0,0.06924860121821318,8225,4157.882120735343
8851.0906203422,613,8238.0906203422,613.0,1.0,0.06925700191015559,8238,4164.5382520560715
8861.66885064732,614,8247.66885064732,614.0,1.0,0.069287174949575,8247,4171.188301890911
8886.777814258732,615,8271.777814258732,615.0,1.0,0.06920393565069666,8271,4177.855927114273
8902.669519656289,616,8286.669519656289,616.0,1.0,0.06919272906176376,8286,4184.526079050218
8910.152132423795,617,8293.152132423795,617.0,1.0,0.06924685356995805,8293,4191.185116413871
8921.699232891136,618,8303.699232891136,618.0,1.0,0.06926931561665445,8303,4197.839670000403
8935.53066329306,619,8316.53066329306,619.0,1.0,0.06927400546481663,8316,4204.493451895868
8943.501032781029,620,8323.501032781029,620.0,1.0,0.0693240821158834,8323,4211.1370125101985
8958.187970297478,621,8337.187970297478,621.0,1.0,0.06932205509183775,8337,4217.78121695108
8970.530994675977,622,8348.530994675977,622.0,1.0,0.06933814735929879,8348,4224.4222937641425
8985.009320919116,623,8362.009320919116,623.0,1.0,0.06933771326753288,8362,4231.06368546102
8998.63913591007,624,8374.63913591007,624.0,1.0,0.06934381861251204,8374,4237.704030734176
9015.905142906922,625,8390.905142906922,625.0,1.0,0.06932193607778869,8390,4244.349152513652
9020.392148799705,626,8394.392148799705,626.0,1.0,0.06939831325219031,8394,4250.978614169061
9033.36996135381,627,8406.36996135381,627.0,1.0,0.06940931265766878,8406,4257.606032585624
9055.282637823153,628,8427.282637823153,628.0,1.0,0.06935178338629618,8427,4264.245645014346
9077.794454487672,629,8448.794454487672,629.0,1.0,0.06928995838730953,8448,4270.89834582432
9086.443848725834,630,8456.443848725834,630.0,1.0,0.06933405526831524,8456,4277.542068844798
9099.477920641297,631,8468.477920641297,631.0,1.0,0.0693446377367032,8468,4284.183805535443
9114.107491501052,632,8482.107491501052,632.0,1.0,0.06934304873947811,8482,4290.82608984868
9130.606606435626,633,8497.606606435626,633.0,1.0,0.06932726677259708,8497,4297.471872655294
9140.99617242683,634,8506.99617242683,634.0,1.0,0.06935786735284019,8506,4304.111500888372
9156.540486645095,635,8521.540486645095,635.0,1.0,0.06934933569355738,8521,4310.753121338382
9174.794872877706,636,8538.794872877706,636.0,1.0,0.06932035089744915,8538,4317.400985727595
9183.333427275855,637,8546.333427275855,637.0,1.0,0.06936479057898694,8546,4324.039812166447
9192.129914344108,638,8554.129914344108,638.0,1.0,0.06940720006626708,8554,4330.670047436318
9208.173346248503,639,8569.173346248503,639.0,1.0,0.06939487083617238,8569,4337.303072943066
9221.4516622133,640,8581.4516622133,640.0,1.0,0.06940338934080467,8581,4343.9345551138
9237.247372938096,641,8596.247372938096,641.0,1.0,0.06939296677037207,8596,4350.56842846454
9249.005585643372,642,8607.005585643372,642.0,1.0,0.06941286758400651,8607,4357.198392883823
9264.830683099059,643,8621.830683099059,643.0,1.0,0.06940223971636775,8621,4363.830791468916
9279.11953568261,644,8635.11953568261,644.0,1.0,0.06940313652858064,8635,4370.463227407136
9285.592802058884,645,8640.592802058884,645.0,1.0,0.0694624472286772,8640,4377.083583336829
9306.701859450492,646,8660.701859450492,646.0,1.0,0.06941234496987987,8660,4383.714571380348
9316.661595138803,647,8669.661595138803,647.0,1.0,0.06944547608529521,8669,4390.338909902386
9332.988618368376,648,8684.988618368376,648.0,1.0,0.06943113578052187,8684,4396.966455748784
9350.049778026172,649,8701.049778026172,649.0,1.0,0.06941139516981333,8701,4403.598325274635
9357.646563802637,650,8707.646563802637,650.0,1.0,0.06946190963381092,8707,4410.219937949294
9373.352895093685,651,8722.352895093685,651.0,1.0,0.06945220214004258,8722,4416.843798098517
9382.477002598762,652,8730.477002598762,652.0,1.0,0.0694912441372794,8730,4423.45979994591
9395.418533242759,653,8742.418533242759,653.0,1.0,0.06950195967210647,8742,4430.073825571173
9409.793005514042,654,8755.793005514042,654.0,1.0,0.06950206020650643,8755,4436.688075081789
9421.47526140384,655,8766.47526140384,655.0,1.0,0.0695220208965875,8766,4443.298437198311
9433.564219970505,656,8777.564219970505,656.0,1.0,0.06953893403420866,8777,4449.905549672049
9453.989162442138,657,8796.989162442138,657.0,1.0,0.06949447357207303,8796,4456.522115292704
9461.933650624598,658,8803.933650624598,658.0,1.0,0.06954181082812437,8803,4463.129123705063
9478.243344248333,659,8819.243344248333,659.0,1.0,0.0695276514924994,8819,4469.739312203611
9488.73402879608,660,8828.73402879608,660.0,1.0,0.06955617029595887,8828,4476.343849652993
9513.708013181802,661,8852.708013181802,661.0,1.0,0.0694786931745378,8852,4482.9646728958505
9520.165944062788,662,8858.165944062788,662.0,1.0,0.06953660302663668,8858,4489.573738260151
9536.583113651026,663,8873.583113651026,663.0,1.0,0.06952175554900336,8873,4496.186120425145
9545.134961287766,664,8881.134961287766,664.0,1.0,0.06956423378956787,8881,4502.789959040902
9558.585133647304,665,8893.585133647304,665.0,1.0,0.06957096585969869,8893,4509.392658551588
9576.196696839777,666,8910.196696839777,666.0,1.0,0.06954744363383696,8910,4516.000472422892
9584.337117113835,667,8917.337117113835,667.0,1.0,0.06959271067469046,8917,4522.599178037121
9592.724609406483,668,8924.724609406483,668.0,1.0,0.0696361072791529,8924,4529.189186167913
9606.722601954634,669,8937.722601954634,669.0,1.0,0.06963873401152249,8937,4535.778922215428
9619.502278038082,670,8949.502278038082,670.0,1.0,0.06965017322462216,8949,4542.366569015164
9634.2860760071,671,8963.2860760071,671.0,1.0,0.06964709109801459,8963,4548.95512267685
9652.05515812271,672,8980.05515812271,672.0,1.0,0.06962247821744748,8980,4555.549021539121
9673.32475545125,673,9000.32475545125,673.0,1.0,0.069572770170953,9000,4562.15344313483
9688.748094462379,674,9014.748094462379,674.0,1.0,0.06956523107306567,9014,4568.75966665312
9698.552414565977,675,9023.552414565977,675.0,1.0,0.06959801536837981,9023,4575.35935961299
9716.57569404686,676,9040.57569404686,676.0,1.0,0.06957183490210145,9040,4581.964709220141
9731.083982591113,677,9054.083982591113,677.0,1.0,0.06957087218763618,9054,4588.570498397942
9742.912374998648,678,9064.912374998648,678.0,1.0,0.06958904831576031,9064,4595.17277255222
9754.044065859205,679,9075.044065859205,679.0,1.0,0.06961215219199329,9075,4601.770521143247
9780.960577805212,680,9100.960577805212,680.0,1.0,0.06952282391803566,9100,4608.386977108926
9790.500429958138,681,9109.500429958138,681.0,1.0,0.06955722078477165,9109,4614.996541650554
9802.48502540106,682,9120.48502540106,682.0,1.0,0.06957419452646361,9120,4621.602829749895
9814.154825607246,683,9131.154825607246,683.0,1.0,0.06959335899387951,9131,4628.205394897564
9824.027486060633,684,9140.027486060633,684.0,1.0,0.06962521236534928,9140,4634.801626024995
9834.026736515629,685,9149.026736515629,685.0,1.0,0.0696561051086493,9149,4641.391735675346
9845.233411059347,686,9159.233411059347,686.0,1.0,0.06967838865347799,9159,4647.977510712349
9885.875329071447,687,9198.875329071447,687.0,1.0,0.0694930875751321,9198,4654.6018161248085
9902.877616666197,688,9214.877616666197,688.0,1.0,0.06947475538242742,9214,4661.230123974432
9914.571261725145,689,9225.571261725145,689.0,1.0,0.06949367570334185,9225,4667.854711982778
9923.947796418423,690,9233.947796418423,690.0,1.0,0.06952878170610921,9233,4674.472238192106
9937.213810307141,691,9246.213810307141,691.0,1.0,0.0695365937767462,9246,4681.088362030187
9949.407492565,692,9257.407492565,692.0,1.0,0.06955188040263888,9257,4687.701539964486
9975.75831205491,693,9282.75831205491,693.0,1.0,0.06946840313508444,9282,4694.332213517287
9987.851627574895,694,9293.851627574895,694.0,1.0,0.06948441225177741,9293,4700.959763105266
