Simulation time, Job arrival rate, Throughput, Total jobs lost
5.216509382580861,0.19169907052007476,0.0,0
5.90853919230019,0.19169907052007476,0.0,0
16.234688599602492,0.12319300045268317,0.16924657135272395,0
20.231329204739854,0.12319300045268317,0.16924657135272395,0
22.822515234637986,0.13144913998991953,0.0988565793062887,0
23.227681648081415,0.13144913998991953,0.0988565793062887,0
27.71593406644701,0.14432131316268398,0.1291562388985901,0
28.782788137533455,0.14432131316268398,0.1291562388985901,0
33.14766011998793,0.150840209592502,0.13897194326299137,0
33.62476326266077,0.150840209592502,0.13897194326299137,0
68.32982585600492,0.08780938521113928,0.14869993168256268,0
68.86301077390522,0.08780938521113928,0.14869993168256268,0
74.8124239671441,0.09356734655562343,0.08712950439677299,0
75.66257759959923,0.09356734655562343,0.08712950439677299,0
80.20849031072682,0.09974006453690984,0.09251601283058955,0
80.87306508480643,0.09974006453690984,0.09251601283058955,0
92.1859367213017,0.09762877419371431,0.09892045011044048,0
92.88167105370606,0.09762877419371431,0.09892045011044048,0
101.65821281339636,0.09836883536754658,0.09689748147183978,0
105.06617292308859,0.09836883536754658,0.09689748147183978,0
106.69444544114658,0.10309815055993406,0.09517811224855675,0
106.7064073325372,0.10309815055993406,0.09517811224855675,0
111.31880951729404,0.10779849382179862,0.10308659315761493,0
114.78370505658478,0.10779849382179862,0.10308659315761493,0
125.891370215207,0.10326363100009908,0.10454445597556182,0
126.17899290412797,0.10326363100009908,0.10454445597556182,0
135.62590807185956,0.10322511531190846,0.10302824345632182,0
136.56728292169004,0.10322511531190846,0.10302824345632182,0
152.0163767119787,0.09867357928429049,0.10251357206855931,0
152.16538227105593,0.09867357928429049,0.10251357206855931,0
158.0389062146416,0.10124089303851226,0.09857695473258254,0
158.13473777445213,0.10124089303851226,0.09857695473258254,0
162.99972458548785,0.10429465475007028,0.10117953983533226,0
163.84061062387235,0.10429465475007028,0.10117953983533226,0
177.57872678494167,0.10136349283435883,0.10375937891873933,0
180.07629605854757,0.10136349283435883,0.10375937891873933,0
212.1842018130219,0.08954483810601001,0.09995763125951748,0
212.77238691877074,0.08954483810601001,0.09995763125951748,0
229.4648839861919,0.08715930582739408,0.08929730156786536,0
229.59328782191713,0.08715930582739408,0.08929730156786536,0
264.7844613524058,0.07930978990512125,0.08711056054701781,0
265.8709857223604,0.07930978990512125,0.08711056054701781,0
269.94177913192783,0.08149905535462892,0.07898567774495542,0
270.39178737104214,0.08149905535462892,0.07898567774495542,0
274.9906868146392,0.08363919617213592,0.08136341792737493,0
275.8863057681784,0.08363919617213592,0.08136341792737493,0
305.3759877862702,0.07859164099306125,0.08336767544861914,0
306.4959943184342,0.07859164099306125,0.08336767544861914,0
334.51879756584776,0.07473421578074074,0.07830444914417115,0
336.4212271430275,0.07473421578074074,0.07830444914417115,0
355.4373237108934,0.07314932412992158,0.07431160100183391,0
355.4596270504918,0.07314932412992158,0.07431160100183391,0
384.51497107164136,0.07021833226610431,0.07314473437037279,0
386.3340471459812,0.07021833226610431,0.07314473437037279,0
399.58095508507694,0.07007340976508344,0.06988770521123061,0
400.31826422714386,0.07007340976508344,0.06988770521123061,0
404.1833295726366,0.07174961924001953,0.06994434804031967,0
404.8347688047594,0.07174961924001953,0.06994434804031967,0
409.326521359453,0.07329112196386436,0.07163416345295652,0
409.3798820656011,0.07329112196386436,0.07163416345295652,0
424.2543750225796,0.07306937022947642,0.07328156881727922,0
427.02473140769797,0.07306937022947642,0.07328156881727922,0
440.4520380648927,0.07265263237420955,0.07259532696808381,0
443.02893769352016,0.07265263237420955,0.07259532696808381,0
455.5221022906727,0.07244434426793721,0.07223004476095206,0
455.73728661115905,0.07244434426793721,0.07223004476095206,0
481.1476168254898,0.07066438409136225,0.07241013840536605,0
482.2584139144295,0.07066438409136225,0.07241013840536605,0
501.05034925357944,0.06985325936233736,0.07050162116203712,0
501.9343715086953,0.06985325936233736,0.07050162116203712,0
512.4297685682318,0.07025352976777045,0.06973023165319069,0
513.2836101935776,0.07025352976777045,0.06973023165319069,0
517.2394203205,0.07153360425830166,0.07013666379571931,0
522.1836732755578,0.07153360425830166,0.07013666379571931,0
522.5110363135302,0.07272573660472557,0.07085629423820572,0
522.8645178595767,0.07272573660472557,0.07085629423820572,0
527.8698482140777,0.07388184820926454,0.07267657051115005,0
528.76708141592,0.07388184820926454,0.07267657051115005,0
532.1153921242944,0.0751716650035498,0.07375648252452995,0
532.7427363947482,0.0751716650035498,0.07375648252452995,0
553.63863827109,0.07405552496848004,0.07508314476644701,0
553.9711727342581,0.07405552496848004,0.07508314476644701,0
563.4743667985532,0.07453755214922732,0.07401107136610491,0
565.2367506242175,0.07453755214922732,0.07401107136610491,0
579.7998759353344,0.07416352052616829,0.07430514727433668,0
580.0727434883486,0.07416352052616829,0.07430514727433668,0
612.9617182549875,0.07178262310615673,0.07412863383549706,0
613.1946712431412,0.07178262310615673,0.07412863383549706,0
614.6952214205884,0.07320701126649883,0.07175535284870947,0
616.0117527213844,0.07320701126649883,0.07175535284870947,0
619.9271645229157,0.07420226541516492,0.07305055431361718,0
621.8338131065073,0.07420226541516492,0.07305055431361718,0
669.5084215444364,0.07020075997189011,0.07397474860718317,0
671.6071360291204,0.07020075997189011,0.07397474860718317,0
701.3170918534311,0.0684426496339142,0.06998138864022152,0
701.9877627573669,0.0684426496339142,0.06998138864022152,0
712.241646244202,0.06879687569294378,0.06837726032638917,0
715.5958008968349,0.06879687569294378,0.06837726032638917,0
732.5486720748538,0.0682548503683464,0.06847440962983539,0
734.8942771166975,0.0682548503683464,0.06847440962983539,0
747.2548213346006,0.06824981056517476,0.06803699737079359,0
747.9289341752552,0.06824981056517476,0.06803699737079359,0
765.1364360978622,0.06796173538041929,0.06818829660098381,0
765.9254279106998,0.06796173538041929,0.06818829660098381,0
775.4925942864785,0.0683436571676931,0.06789172692940382,0
775.6347871347276,0.0683436571676931,0.06789172692940382,0
787.1742025068563,0.06859980907406535,0.06833112810190901,0
788.1271233973652,0.06859980907406535,0.06833112810190901,0
792.305093276682,0.06941770344115833,0.06851686535951611,0
795.6936598110158,0.06941770344115833,0.06851686535951611,0
803.4168113596724,0.06970230048488493,0.06912207898334012,0
804.3375660474693,0.06970230048488493,0.06912207898334012,0
825.7704785726584,0.06902644436808193,0.0696225097071931,0
825.8597595126195,0.06902644436808193,0.0696225097071931,0
844.0202162866544,0.0687187331307968,0.06901898214975205,0
845.6573508797347,0.0687187331307968,0.06901898214975205,0
855.4261448607597,0.0689714715343469,0.0685856983796839,0
855.4261931435367,0.0689714715343469,0.0685856983796839,0
859.0788425827875,0.06984225082253488,0.06897146764139366,0
859.470677798103,0.06984225082253488,0.06897146764139366,0
868.4096790162413,0.07024334421180393,0.06981040953452343,0
868.7844885201416,0.07024334421180393,0.06981040953452343,0
896.3147405162525,0.06917213027679285,0.0702130399495338,0
896.7245451673275,0.06917213027679285,0.0702130399495338,0
915.7741268267318,0.06879425630674085,0.06914051849493077,0
918.623386709592,0.06879425630674085,0.06914051849493077,0
952.4656526557334,0.06719402408008161,0.06858087972880712,0
952.9954508192726,0.06719402408008161,0.06858087972880712,0
976.4685708360848,0.0665664025871768,0.06715666894839885,0
979.183941616399,0.0665664025871768,0.06715666894839885,0
980.3579741464974,0.06732234728590829,0.0663818075822409,0
981.2935012840572,0.06732234728590829,0.0663818075822409,0
1015.2230852870382,0.0659953472010113,0.06725816477296208,0
1016.0003782127052,0.0659953472010113,0.06725816477296208,0
1047.0302358496822,0.06494559342387747,0.06594485734135543,0
1047.6012481095804,0.06494559342387747,0.06594485734135543,0
1052.8284682248463,0.0655377415053561,0.06491019376189891,0
1055.1414188064703,0.0655377415053561,0.06491019376189891,0
1057.344313460601,0.06620360000887106,0.06539407777020996,0
1057.7047533446294,0.06620360000887106,0.06539407777020996,0
1083.7307060557798,0.06551443047913937,0.06618103944285865,0
1084.1854561710131,0.06551443047913937,0.06618103944285865,0
1088.2129148400445,0.06616352279791057,0.06548695114463966,0
1088.273982027096,0.06616352279791057,0.06548695114463966,0
1093.3036742059937,0.06677010397227091,0.06615981011131747,0
1093.4516886376452,0.06677010397227091,0.06615981011131747,0
1129.9957198675115,0.065486973710552,0.06676106567721547,0
1130.020952914655,0.065486973710552,0.06676106567721547,0
1149.6078353245987,0.06523963885373424,0.06548551140501628,0
1151.0718435444332,0.06523963885373424,0.06548551140501628,0
1196.26598646612,0.06353102141147639,0.06515666282745355,0
1197.512983688996,0.06353102141147639,0.06515666282745355,0
1225.2411069682194,0.0628447736221743,0.06346486512895949,0
1226.2663481656411,0.0628447736221743,0.06346486512895949,0
1237.1522322233445,0.06304802106675468,0.06279223116183812,0
1237.2267040668282,0.06304802106675468,0.06279223116183812,0
1249.247842975467,0.06323805195599719,0.06304422604491963,0
1249.9494746432767,0.06323805195599719,0.06304422604491963,0
1265.1987811765898,0.06323117061937322,0.06320255466529623,0
1266.4924406273528,0.06323117061937322,0.06320255466529623,0
1271.9966837189313,0.06367941130410863,0.063166583102835,0
1272.8915143870581,0.06367941130410863,0.063166583102835,0
1286.0988362750975,0.0637587078746568,0.06363464528161643,0
1287.0523214566294,0.0637587078746568,0.06363464528161643,0
1355.1132447898754,0.06124949358964463,0.06371147359976477,0
1356.1443273356344,0.06124949358964463,0.06371147359976477,0
1371.2666802740741,0.06125723114865664,0.06120292532806369,0
1373.0783753033884,0.06125723114865664,0.06120292532806369,0
1376.3949541512502,0.06175553008505105,0.0611764058853813,0
1376.659754570208,0.06175553008505105,0.0611764058853813,0
1381.2925580543892,0.06226052511361876,0.061743651412644755,0
1381.3623205403853,0.06226052511361876,0.061743651412644755,0
1421.4013893631409,0.0612072006197914,0.062257380790839166,0
1421.541154293284,0.0612072006197914,0.062257380790839166,0
1431.1481032288052,0.06148909382716135,0.0612011827707175,0
1432.967542783915,0.06148909382716135,0.0612011827707175,0
1446.8454939694616,0.06151313348312402,0.06141102109614914,0
1448.2885811165652,0.06151313348312402,0.06141102109614914,0
1450.701681681039,0.062038943730809024,0.06145184127004924,0
1451.210270376517,0.062038943730809024,0.06145184127004924,0
1461.037793870714,0.06228449420114899,0.06201720166757742,0
1461.3423136059384,0.06228449420114899,0.06201720166757742,0
1473.2095719253214,0.06244868466321883,0.06227151513559664,0
1476.7685149450206,0.06244868466321883,0.06227151513559664,0
1478.6597940119066,0.06289479187614344,0.062298186255294805,0
1479.6401574089841,0.06289479187614344,0.062298186255294805,0
1493.6420856213613,0.06293341685059417,0.06285311974963793,0
1494.5275726449759,0.06293341685059417,0.06285311974963793,0
1516.968820142868,0.06262488637772588,0.06289612966700993,0
1517.7307189497956,0.06262488637772588,0.06289612966700993,0
1532.6373422424404,0.06263712709722966,0.0625934487678657,0
1533.296171367658,0.06263712709722966,0.0625934487678657,0
1547.3984737061337,0.06268585735882098,0.06261021307734085,0
1548.0360786607748,0.06268585735882098,0.06261021307734085,0
1613.063921244722,0.06075394701307201,0.06266003831378136,0
1613.4741249720737,0.06075394701307201,0.06266003831378136,0
1621.1776662515927,0.06106671838682736,0.06073850115302977,0
1622.2362738868728,0.06106671838682736,0.06073850115302977,0
1631.9249831743912,0.06127732648928617,0.061026868646449586,0
1632.6466772597219,0.06127732648928617,0.061026868646449586,0
1662.516489483069,0.0607512771385529,0.061250239499364735,0
1663.827719932623,0.0607512771385529,0.061250239499364735,0
1672.8378277195577,0.06097423092054788,0.06070340023190022,0
1673.60788574398,0.06097423092054788,0.06070340023190022,0
1678.1634327335628,0.061376620411888703,0.0609461755461658,0
1678.3292957368092,0.061376620411888703,0.0609461755461658,0
1710.2217300571983,0.060810828310854007,0.06137055479019188,0
1710.5345578269587,0.060810828310854007,0.06137055479019188,0
1747.097788184808,0.060099669697992374,0.06079970704135921,0
1750.2786631333736,0.060099669697992374,0.06079970704135921,0
1770.234102919179,0.05987908594981999,0.05999044735655265,0
1772.0194654084926,0.05987908594981999,0.05999044735655265,0
1785.3558177662037,0.05993203087879476,0.05981875598390477,0
1786.903522858295,0.05993203087879476,0.05981875598390477,0
1824.0322290422234,0.059209480117963405,0.05988012146780311,0
1824.1042173866565,0.059209480117963405,0.05988012146780311,0
1830.7427360961797,0.05953867676265006,0.0592071434135099,0
1831.0581560776725,0.05953867676265006,0.0592071434135099,0
1835.3632330166556,0.05993364039400574,0.05952842056829585,0
1838.2313855025086,0.05993364039400574,0.05952842056829585,0
1860.3588245929166,0.05966590881965419,0.0598401272372628,0
1864.6823038373293,0.05966590881965419,0.0598401272372628,0
1872.0580765698726,0.059827203761335726,0.059527566584169925,0
1873.0663411336457,0.059827203761335726,0.059527566584169925,0
1926.4821607550905,0.05865613619578461,0.05979499900265874,0
1928.5484984154555,0.05865613619578461,0.05979499900265874,0
1931.0088693383184,0.05903649735128527,0.05859328924983928,0
1931.2451633036555,0.05903649735128527,0.05859328924983928,0
1942.666717141966,0.059196978558003495,0.05902927404876324,0
1944.5912218663327,0.059196978558003495,0.05902927404876324,0
1952.0151020403082,0.059425769748785814,0.0591383930498401,0
1952.765333990117,0.059425769748785814,0.0591383930498401,0
1980.760133271759,0.05906823246020353,0.05940293899163773,0
1981.0042774412843,0.05906823246020353,0.05940293899163773,0
1996.17160090971,0.059113154373213295,0.05906095273611432,0
1996.2357670539025,0.059113154373213295,0.05906095273611432,0
2033.4164910713434,0.058522196767127936,0.05911125426539548,0
2034.526555357879,0.058522196767127936,0.05911125426539548,0
2036.8517334860132,0.0589144501915333,0.05849026629149481,0
2037.28427497174,0.0589144501915333,0.05849026629149481,0
2052.3154614823593,0.058957797800053294,0.05890194190089872,0
2052.9728498307277,0.058957797800053294,0.05890194190089872,0
2073.0813169618823,0.05884959697518861,0.05893891875383385,0
2074.9335309001003,0.05884959697518861,0.05893891875383385,0
2081.5323982076948,0.05909108121781302,0.05879706418695578,0
2082.3590447527704,0.05909108121781302,0.05879706418695578,0
2092.3516615705553,0.0592634604772524,0.059067623477296764,0
2094.3270003672733,0.0592634604772524,0.059067623477296764,0
2099.0160521799585,0.059551712274987005,0.05920756404241298,0
2099.064023205706,0.059551712274987005,0.05920756404241298,0
2108.041139949502,0.05977112951553608,0.05955035130805543,0
2109.049871541186,0.05977112951553608,0.05955035130805543,0
2129.144937455411,0.05964835825210686,0.0597425417483967,0
2131.3121993529953,0.05964835825210686,0.0597425417483967,0
2137.0881256712323,0.05989458200737362,0.05958770378105729,0
2138.3036814161674,0.05989458200737362,0.05958770378105729,0
2168.051719660301,0.05950042558035112,0.05986053389536675,0
2168.281740891458,0.05950042558035112,0.05986053389536675,0
2189.1926530666633,0.059382622090337046,0.05949411350342484,0
2189.643032622069,0.059382622090337046,0.05949411350342484,0
2204.231817758756,0.059431135575023,0.05937040789901115,0
2204.2365964478813,0.059431135575023,0.05937040789901115,0
2230.2240489426335,0.05918687858405178,0.05943100673090447,0
2230.238601377102,0.05918687858405178,0.05943100673090447,0
2236.8905039981905,0.05945753704183439,0.05918649238628287,0
2238.3952237001504,0.05945753704183439,0.05918649238628287,0
2240.772987120503,0.05980079230256886,0.05941756781456407,0
2241.7001846643043,0.05980079230256886,0.05941756781456407,0
2245.247148825909,0.0601270109932417,0.05977605788530841,0
2245.9339184774044,0.0601270109932417,0.05977605788530841,0
2253.011274689202,0.06036365708767299,0.060108625142239774,0
2253.975182341314,0.06036365708767299,0.060108625142239774,0
2256.439297435271,0.06071512765963519,0.06033784269919519,0
2256.835335533946,0.06071512765963519,0.06033784269919519,0
2269.0289004223328,0.06081896972502825,0.060704473136755054,0
2269.1836061010313,0.06081896972502825,0.060704473136755054,0
2287.2730613467825,0.06077105630674223,0.06081482328224427,0
2287.7132529155956,0.06077105630674223,0.06081482328224427,0
2289.615571420272,0.06114563586460786,0.06075936301144834,0
2289.622193188065,0.06114563586460786,0.06075936301144834,0
2316.351982153631,0.060871577845826814,0.061145459026610983,0
2317.0254411434066,0.060871577845826814,0.061145459026610983,0
2321.7432801510363,0.06116093937429744,0.06085388511332843,0
2322.163276178528,0.06116093937429744,0.06085388511332843,0
2325.511851871907,0.06149183883319838,0.06114987755455445,0
2326.3600097036547,0.06149183883319838,0.06114987755455445,0
2345.4637373230803,0.06139510822893803,0.06146941978177151,0
2346.717992577695,0.06139510822893803,0.06146941978177151,0
2355.4627880701096,0.0615590281172738,0.061362294257533145,0
2356.0617104416847,0.0615590281172738,0.061362294257533145,0
2368.7622748922868,0.06163556450874285,0.06154337951225277,0
2373.023979405837,0.06163556450874285,0.06154337951225277,0
2377.7785324411693,0.06182241028523419,0.06152487343872345,0
2378.3559857618493,0.06182241028523419,0.06152487343872345,0
2381.9657184047846,0.06213355585113811,0.06180740010327431,0
2382.093042633108,0.06213355585113811,0.06180740010327431,0
2386.4090614899055,0.06243690673340593,0.06213023477722952,0
2388.0619240297547,0.06243690673340593,0.06213023477722952,0
2398.4079065416418,0.0625414882893256,0.06239369193097335,0
2398.649362890793,0.0625414882893256,0.06239369193097335,0
2403.274396732006,0.06283094440041101,0.06253519264659163,0
2403.477465490154,0.06283094440041101,0.06253519264659163,0
2438.3190865505735,0.06233802656855319,0.0628256358414435,0
2438.3492415912606,0.06233802656855319,0.0628256358414435,0
2448.95898470276,0.06247552570529074,0.062337255634802004,0
2449.019057489235,0.06247552570529074,0.062337255634802004,0
2453.8871807002106,0.06275757142023802,0.06247399322276304,0
2455.0508179274157,0.06275757142023802,0.06247399322276304,0
2469.785058205137,0.06275849774256992,0.06272782578488893,0
2472.407622730259,0.06275849774256992,0.06272782578488893,0
2474.507150797474,0.06304285681685137,0.06269192772866264,0
2476.0700557648274,0.06304285681685137,0.06269192772866264,0
2508.8094468843888,0.06257948374475923,0.0630030639225244,0
2509.623627682266,0.06257948374475923,0.0630030639225244,0
2523.705346058226,0.06260635784870057,0.06255918149168668,0
2523.719208900144,0.06260635784870057,0.06255918149168668,0
2536.791448543262,0.0626776001201458,0.0626060139506794,0
2537.8458045306643,0.0626776001201458,0.0626060139506794,0
2558.2966415811634,0.06254161358751247,0.06265156051488503,0
2560.8444206877793,0.06254161358751247,0.06265156051488503,0
2567.7519803177497,0.06270075974396751,0.06247939105844937,0
2568.0422274423795,0.06270075974396751,0.06247939105844937,0
2572.687469784591,0.06296917208274977,0.06269367313338403,0
2575.387667631657,0.06296917208274977,0.06269367313338403,0
2575.7266174067468,0.06328311354879314,0.06290315125605002,0
2577.0145886064493,0.06328311354879314,0.06290315125605002,0
2581.1238464477765,0.06353821426496134,0.06325148515676202,0
2581.9947470240218,0.06353821426496134,0.06325148515676202,0
2588.509127405276,0.06374325601292978,0.06351678297913835,0
2589.3030356970426,0.06374325601292978,0.06351678297913835,0
2638.044431295705,0.06292539959930366,0.06372371164180166,0
2638.9640955996897,0.06292539959930366,0.06372371164180166,0
2649.4175001116364,0.06303272322801644,0.06290347044766345,0
2650.3802406871664,0.06303272322801644,0.06290347044766345,0
2656.70272129405,0.06323628106880136,0.06300982683024446,0
2657.193919194337,0.06323628106880136,0.06300982683024446,0
2661.5180267493524,0.06349759734913699,0.06322459147089186,0
2662.2520966198235,0.06349759734913699,0.06322459147089186,0
2666.029401851011,0.06376523825355034,0.06348008898728032,0
2667.1878940029433,0.06376523825355034,0.06348008898728032,0
2738.54913588245,0.06244182284678935,0.06373754184406642,0
2740.0577673291823,0.06244182284678935,0.06373754184406642,0
2771.077398361684,0.06206972064428435,0.0624074433900271,0
2771.502932352008,0.06206972064428435,0.0624074433900271,0
2791.452451480837,0.06197490482355351,0.06206019051693153,0
2791.705894274367,0.06197490482355351,0.06206019051693153,0
2817.370329787131,0.06175971904025365,0.06196927848123735,0
2818.9299023093654,0.06175971904025365,0.06196927848123735,0
2821.973156076512,0.06201334680422992,0.0617255504854708,0
2822.1012520118757,0.06201334680422992,0.0617255504854708,0
2840.672790043684,0.06195715346620174,0.062010532001728326,0
2842.274906319818,0.06195715346620174,0.062010532001728326,0
2884.1094888495577,0.06137076303251009,0.06192222983380769,0
2884.2377823837282,0.06137076303251009,0.06192222983380769,0
2898.0134451203608,0.06142138515599857,0.06136803320484738,0
2898.036687093052,0.06142138515599857,0.06136803320484738,0
2901.2303794003974,0.06169796141352769,0.0614208925624566,0
2901.713365031807,0.06169796141352769,0.0614208925624566,0
2916.6698897952074,0.061714217515592286,0.06168769188476957,0
2917.301420008085,0.061714217515592286,0.06168769188476957,0
2926.8369737325534,0.061841503857036934,0.06170085777406612,0
2927.793097437918,0.061841503857036934,0.06170085777406612,0
2942.4132624100694,0.061853989827019604,0.06182130839723315,0
2942.7548927193125,0.061853989827019604,0.06182130839723315,0
2970.553717570019,0.06160467623177614,0.06184680907345946,0
2971.355636134557,0.06160467623177614,0.06184680907345946,0
2975.258216157864,0.06184337177887392,0.0615880501729726,0
2976.814828037461,0.06184337177887392,0.0615880501729726,0
2980.058969176701,0.06207930846788238,0.061811033144210235,0
2980.5987912032065,0.06207930846788238,0.061811033144210235,0
2983.502648957285,0.06234283052002846,0.06206806516395295,0
2983.5873693387184,0.06234283052002846,0.06206806516395295,0
2994.3654345314226,0.062450627382847464,0.06234106026572468,0
2995.624488275429,0.062450627382847464,0.06234106026572468,0
3003.457441556251,0.06259452769292019,0.06242437953485127,0
3004.9836779289244,0.06259452769292019,0.06242437953485127,0
3009.8421004542147,0.0627939917417854,0.06256273582476567,0
3011.621427937862,0.0627939917417854,0.06256273582476567,0
3014.2322699906954,0.06303429297457111,0.06275689176823708,0
3014.5509628497725,0.06303429297457111,0.06275689176823708,0
3023.811979942945,0.06316530302376933,0.06302762910346872,0
3024.000465522023,0.06316530302376933,0.06302762910346872,0
3029.017891442215,0.06338688211200445,0.0631613659381591,0
3030.695152859182,0.06338688211200445,0.0631613659381591,0
3033.8382341731767,0.06361578472643879,0.0633518022486906,0
3034.143470561762,0.06361578472643879,0.0633518022486906,0
3058.6064790976952,0.0634275776651173,0.06360938494588282,0
3059.440319812245,0.0634275776651173,0.06360938494588282,0
3063.595931375569,0.0636506916603862,0.06341029068084766,0
3063.7794081214706,0.0636506916603862,0.06341029068084766,0
3068.590418072575,0.06387297530672417,0.06364687989059974,0
3069.4274650261336,0.06387297530672417,0.06364687989059974,0
3078.247318170933,0.06399745687655001,0.06385555685328151,0
3078.2895430972153,0.06399745687655001,0.06385555685328151,0
3089.080432417106,0.06409674475360662,0.06399657902283903,0
3091.098706545572,0.06409674475360662,0.06399657902283903,0
3114.1986988966855,0.06390086800514776,0.0640548940028101,0
3115.0286726509944,0.06390086800514776,0.0640548940028101,0
3207.518604788223,0.062353496469650264,0.06388384214474799,0
3208.419915888556,0.062353496469650264,0.06388384214474799,0
3211.06576070633,0.06259603975092262,0.06233598009087629,0
3211.375531409399,0.06259603975092262,0.06233598009087629,0
3273.0406786168196,0.06171631208853927,0.0625900017092631,0
3277.758504996497,0.06171631208853927,0.0625900017092631,0
3290.674641476854,0.06168947772633445,0.06162748100327663,0
3291.937889142501,0.06168947772633445,0.06162748100327663,0
3295.04681162195,0.0619111082976036,0.06166580501701944,0
3296.2787361108235,0.0619111082976036,0.06166580501701944,0
3305.2767312312144,0.06202203829500157,0.061887970141958695,0
3306.4007949832767,0.06202203829500157,0.061887970141958695,0
3315.4051149048837,0.062134186580667675,0.06200095291261774,0
3316.400560007165,0.062134186580667675,0.06200095291261774,0
3320.3565295726803,0.06234270270567609,0.06211553648982466,0
3320.5695668642975,0.06234270270567609,0.06211553648982466,0
3325.756889805565,0.06254215412966051,0.062338702994099784,0
3326.4067424257905,0.06254215412966051,0.062338702994099784,0
3340.553301302573,0.06256448592468355,0.06252993578539812,0
3341.31333958717,0.06256448592468355,0.06252993578539812,0
3350.648610772472,0.06267443244416661,0.06255025457319804,0
3351.55700437992,0.06267443244416661,0.06255025457319804,0
3356.2164296150395,0.06286841281692965,0.06265744539793458,0
3356.7210958972214,0.06286841281692965,0.06265744539793458,0
3360.661520576376,0.06308281827907518,0.0628589608644866,0
3363.255195875857,0.06308281827907518,0.0628589608644866,0
3409.0779258225803,0.06248023795132374,0.0630341700683201,0
3409.422940424473,0.06248023795132374,0.0630341700683201,0
3427.3152091173747,0.06243954434967501,0.062473915299426454,0
3429.0568743666317,0.06243954434967501,0.062473915299426454,0
3436.1969341663853,0.06256917287313703,0.062407830444494196,0
3439.4416900439364,0.06256917287313703,0.062407830444494196,0
3463.7887284707967,0.06235946154122405,0.06251014535945033,0
3464.352407104076,0.06235946154122405,0.06251014535945033,0
3479.891553625527,0.06235826509418617,0.06234931514388251,0
3480.1386125545423,0.06235826509418617,0.06234931514388251,0
3490.06001007178,0.06246310933648284,0.062353838211264376,0
3491.0163296897485,0.06246310933648284,0.062353838211264376,0
3510.4729806054306,0.06238475590324309,0.06244599836041843,0
3511.414736617938,0.06238475590324309,0.06244599836041843,0
3513.518339402188,0.06261529861188435,0.06236802440800044,0
3514.6120796932923,0.06261529861188435,0.06236802440800044,0
3524.9650404438644,0.06269565725173025,0.0625958128554542,0
3525.386159622691,0.06269565725173025,0.0625958128554542,0
3550.2090252939975,0.06253152938836211,0.06268816804558307,0
3550.250192254312,0.06253152938836211,0.06268816804558307,0
3567.8489901401695,0.06250264532390959,0.06253080430341053,0
3568.418449076712,0.06250264532390959,0.06253080430341053,0
3580.2472021126086,0.06256551219922009,0.06249267096399491,0
3580.4421646827036,0.06256551219922009,0.06249267096399491,0
3592.736193833099,0.06262636271101969,0.06256210537612489,0
3598.4850180150233,0.06262636271101969,0.06256210537612489,0
3602.094523291709,0.06274127414998372,0.06252631284376259,0
3602.497453456528,0.06274127414998372,0.06252631284376259,0
3607.299909810844,0.06292795322690627,0.06273425669826839,0
3609.182929392513,0.06292795322690627,0.06273425669826839,0
3635.162322441065,0.06272072050056203,0.06289512181589753,0
3635.207963493077,0.06272072050056203,0.06289512181589753,0
3647.34396819507,0.0627854137138931,0.06271993302438589,0
3648.9201531680865,0.0627854137138931,0.06271993302438589,0
3703.907376036167,0.0620965852137859,0.06275829297091533,0
3704.565311817261,0.0620965852137859,0.06275829297091533,0
3708.1204429925956,0.062295711142967655,0.06208555677674754,0
3708.231176101479,0.062295711142967655,0.06208555677674754,0
3725.514867511378,0.062273271816245535,0.06229385090356041,0
3726.803188171106,0.062273271816245535,0.06229385090356041,0
3758.4766836761837,0.06199320086565007,0.06225174453439594,0
3758.7694371533057,0.06199320086565007,0.06225174453439594,0
3764.60247803566,0.06215795727842674,0.06198837249684087,0
3764.718583574928,0.06215795727842674,0.06198837249684087,0
3787.2496038423574,0.06205030684050519,0.06215604030030756,0
3787.3092527041813,0.06205030684050519,0.06215604030030756,0
3804.0462297988643,0.06203920398004162,0.06204932956879805,0
3807.2414936551854,0.06203920398004162,0.06204932956879805,0
3854.6703852444466,0.06148385628696771,0.06198713698442741,0
3855.0289625286387,0.06148385628696771,0.06198713698442741,0
3871.7664082212577,0.06147065057815315,0.061478137337921325,0
3875.507801162799,0.06147065057815315,0.061478137337921325,0
3889.416237060801,0.061448810164018416,0.06141130716562898,0
3891.540534901271,0.061448810164018416,0.06141130716562898,0
3913.6684115727844,0.06132353964641355,0.061415266745015025,0
3913.9859925445717,0.06132353964641355,0.061415266745015025,0
3927.225138132828,0.06136648435556251,0.06131856385208229,0
3928.2263826449075,0.06136648435556251,0.06131856385208229,0
3951.9162384890606,0.061236115695742596,0.06135084298215336,0
3952.3182720445884,0.061236115695742596,0.06135084298215336,0
3970.4330535563768,0.06120239196133561,0.06122988670009363,0
3971.686292185227,0.06120239196133561,0.06122988670009363,0
3974.243998716369,0.06139532451424949,0.06118307996231522,0
3974.50163682976,0.06139532451424949,0.06118307996231522,0
3985.6948449692586,0.061469833875826906,0.06139134470067178,0
3986.293301426687,0.061469833875826906,0.06139134470067178,0
4002.105261501235,0.0614676486314412,0.06146060549842505,0
4002.8100561932924,0.0614676486314412,0.06146060549842505,0
4015.1150068665042,0.06151754048827731,0.06145682571656876,0
4016.248685207727,0.06151754048827731,0.06145682571656876,0
4027.9148784206677,0.06157031801457532,0.06150017575100053,0
4028.2033005395674,0.06157031801457532,0.06150017575100053,0
4047.358728213455,0.061521603771927356,0.061565909537579955,0
4047.6367763553767,0.061521603771927356,0.061565909537579955,0
4078.4198853865682,0.06129824957351199,0.06151737761020337,0
4080.927832707541,0.06129824957351199,0.06151737761020337,0
4083.250868188617,0.06147062918799962,0.0612605785371447,0
4083.6888350652102,0.06147062918799962,0.0612605785371447,0
4088.375843075494,0.061638168718468944,0.061464036594745086,0
4088.8795294434585,0.061638168718468944,0.061464036594745086,0
4093.46215943327,0.061805872424389834,0.06163057585467674,0
4093.7069787080964,0.061805872424389834,0.06163057585467674,0
4106.738859568201,0.061849562069964815,0.0618021761977313,0
4108.527018952318,0.061849562069964815,0.0618021761977313,0
4117.4182391244685,0.06193201302139843,0.06182264320724133,0
4118.952729869843,0.06193201302139843,0.06182264320724133,0
4149.652734075733,0.06169190927660114,0.061908940627259365,0
4153.7354354495355,0.06169190927660114,0.061908940627259365,0
4158.0344189808475,0.06180805017554228,0.06163127237599199,0
4159.045390617302,0.06180805017554228,0.06163127237599199,0
4163.225999899523,0.06197117331757312,0.06179302601019583,0
4165.378019837566,0.06197117331757312,0.06179302601019583,0
4203.337295480466,0.06161770559752207,0.06193915624735087,0
4203.456867365896,0.06161770559752207,0.06193915624735087,0
4218.2970003378305,0.06163624798803342,0.061615952815117815,0
4219.149587012296,0.06163624798803342,0.061615952815117815,0
4224.183099632494,0.06178709441423292,0.06162379281368728,0
4225.264794322692,0.06178709441423292,0.06162379281368728,0
4228.544198858277,0.061959858447439425,0.06177127652465582,0
4229.272068086131,0.061959858447439425,0.06177127652465582,0
4264.0744387416635,0.06167809773921578,0.061949194987250523,0
4264.556616807138,0.06167809773921578,0.061949194987250523,0
4280.4144210973145,0.06167627104020496,0.06167112401872797,0
4280.665184158218,0.06167627104020496,0.06167112401872797,0
4281.778448032963,0.06189017092225785,0.06167265801983412,0
4282.265877066671,0.06189017092225785,0.06167265801983412,0
4332.074515229177,0.061402452581295903,0.061883126271814665,0
4332.159224610597,0.061402452581295903,0.061883126271814665,0
4342.28273786832,0.06148839587794175,0.061401251941267186,0
4343.033052722637,0.06148839587794175,0.061401251941267186,0
4371.174823403498,0.06131074844344226,0.0614777729662035,0
4371.714266497638,0.06131074844344226,0.0614777729662035,0
4390.1569651539485,0.0612734355821756,0.061303183067978946,0
4390.935207803993,0.0612734355821756,0.061303183067978946,0
4396.493547109141,0.06141257734303627,0.0612625755720347,0
4396.987338060425,0.06141257734303627,0.0612625755720347,0
4401.564056648037,0.06156902330904099,0.061405680581081895,0
4402.07273187465,0.06156902330904099,0.061405680581081895,0
4417.020491461066,0.06157997241032215,0.061561908788497675,0
4417.817843108252,0.06157997241032215,0.061561908788497675,0
4422.032071821724,0.06173632293162756,0.06156885812399826,0
4423.984903548012,0.06173632293162756,0.06156885812399826,0
4443.206057940215,0.0616671827565479,0.061709071335450415,0
4443.314621208238,0.0616671827565479,0.061709071335450415,0
4469.133826794131,0.061533176373299005,0.061665676045576344,0
4470.195676289117,0.061533176373299005,0.061665676045576344,0
4486.129257394762,0.06152297095431485,0.0615185597934022,0
4486.274204289957,0.06152297095431485,0.0615185597934022,0
4491.03191008417,0.06167847513575305,0.06152098321053974,0
4491.428245990969,0.06167847513575305,0.06152098321053974,0
4501.454331545289,0.06175781859027909,0.06167303245849449,0
4501.79501308365,0.06175781859027909,0.06167303245849449,0
4517.048763469255,0.061765992489688774,0.06175314495485545,0
4517.892503927451,0.061765992489688774,0.06175314495485545,0
4529.905549378686,0.061811443295634344,0.06175445736202497,0
4530.410416277323,0.061811443295634344,0.06175445736202497,0
4540.886247399696,0.06188219318660813,0.061804555056201374,0
4541.616552579185,0.06188219318660813,0.061804555056201374,0
4545.048244425534,0.06204554601722232,0.06187224234957045,0
4550.521679674421,0.06204554601722232,0.06187224234957045,0
4569.73812533353,0.061929150476066896,0.06197091671040592,0
4570.026130564612,0.061929150476066896,0.06197091671040592,0
4590.0148118497045,0.061873438679722344,0.06192524767140364,0
4590.166406577312,0.061873438679722344,0.06192524767140364,0
4600.353077619031,0.06195176656907935,0.06187139524899414,0
4602.089257171941,0.06195176656907935,0.06187139524899414,0
4649.209866409904,0.061515829187734156,0.06192839470808898,0
4650.170547999168,0.061515829187734156,0.06192839470808898,0
4697.852718154164,0.06109174067780595,0.0615031205948043,0
4698.340343902286,0.06109174067780595,0.0615031205948043,0
4722.318752371392,0.06098698861769463,0.06108540016103374,0
4722.500423246857,0.06098698861769463,0.06108540016103374,0
4734.627897686058,0.06103964371545274,0.060984642496229056,0
4736.581659549691,0.06103964371545274,0.060984642496229056,0
4746.108943633349,0.061102685050881414,0.06101446586850893,0
4746.379982169862,0.061102685050881414,0.06101446586850893,0
4762.006477812675,0.06110869469746386,0.061099195827010705,0
4762.8591237985975,0.06110869469746386,0.061099195827010705,0
4768.692523053264,0.06123271705784888,0.0610977550324676,0
4769.945648806909,0.06123271705784888,0.0610977550324676,0
4773.196104768564,0.061384446305753994,0.061216630439601974,0
4773.646084884703,0.061384446305753994,0.061216630439601974,0
4799.64273809439,0.06125455915011027,0.06137865999906375,0
4799.675560135433,0.06125455915011027,0.06137865999906375,0
4837.427453152219,0.060982826689787106,0.06125414026770262,0
4837.7948572437745,0.060982826689787106,0.06125414026770262,0
4848.723276837381,0.06104699796212508,0.060978195377236324,0
4849.986981569275,0.06104699796212508,0.060978195377236324,0
4895.434190235853,0.06066877593664294,0.06103109165547192,0
4896.9877440396285,0.06066877593664294,0.06103109165547192,0
4914.905046039322,0.060631893639561445,0.06064952896022534,0
4915.069299186861,0.060631893639561445,0.06064952896022534,0
4918.359274277063,0.06079263090107406,0.060629867426141994,0
4918.422087304673,0.06079263090107406,0.060629867426141994,0
4925.4573066390985,0.0609080500191577,0.06079185452012597,0
4927.080533061411,0.0609080500191577,0.06079185452012597,0
4949.9003106882465,0.060809305462183785,0.060887983865284385,0
4950.239053578392,0.060809305462183785,0.060887983865284385,0
4986.4049875226165,0.060564675503832655,0.060805144305589726,0
4986.7916548624535,0.060564675503832655,0.060805144305589726,0
4991.374340705819,0.06070472365275521,0.060559979421945555,0
4991.907161878627,0.06070472365275521,0.060559979421945555,0
4997.1915051092865,0.06083417049140118,0.060698244212933364,0
4997.4124090278465,0.06083417049140118,0.060698244212933364,0
5012.7144221872795,0.06084527749077602,0.060831481398417854,0
5012.799199719218,0.06084527749077602,0.060831481398417854,0
5021.512208611873,0.06093781858684148,0.060844248462432714,0
5022.711406463392,0.06093781858684148,0.060844248462432714,0
5026.030251957381,0.061082004009116196,0.06092326937323713,0
5028.515729396849,0.061082004009116196,0.06092326937323713,0
5031.336523844883,0.06121633854946962,0.061051812606505156,0
5033.074060558728,0.06121633854946962,0.061051812606505156,0
5036.908697074516,0.06134715131514497,0.061195205215360676,0
5037.124462189389,0.06134715131514497,0.061195205215360676,0
5041.784682719942,0.06148616402887741,0.06134452351127591,0
5042.106244641417,0.06148616402887741,0.06134452351127591,0
5065.112168142628,0.061400417142991603,0.06148224272930736,0
5065.5850157877785,0.061400417142991603,0.06148224272930736,0
5073.871020865312,0.061491511849032114,0.061394685713637084,0
5077.676672156015,0.061491511849032114,0.061394685713637084,0
5080.287127177994,0.061610690924445,0.0614454247768247,0
5080.519370907589,0.061610690924445,0.0614454247768247,0
5083.664137304204,0.06176647227653199,0.06160787453982,0
5084.056576767224,0.06176647227653199,0.06160787453982,0
5088.791507149648,0.06190074786075072,0.06176170450873734,0
5089.291501151664,0.06190074786075072,0.06176170450873734,0
5114.673825142317,0.061783020932172,0.061894666463636075,0
5114.780382321842,0.061783020932172,0.061894666463636075,0
5147.020719555905,0.06158902737569538,0.061781733794902954,0
5147.16658020993,0.06158902737569538,0.061781733794902954,0
5184.600522381746,0.06133548739718803,0.061587282062876426,0
5184.7324704631355,0.06133548739718803,0.061587282062876426,0
5189.057509987957,0.061475518316377334,0.06133392644878243,0
5189.618809158944,0.061475518316377334,0.06133392644878243,0
5204.727775247595,0.06148256235836989,0.061468869242767905,0
5204.917307218339,0.06148256235836989,0.061468869242767905,0
5215.484840426254,0.06154748979651241,0.061480323531022125,0
5216.546419943679,0.06154748979651241,0.061480323531022125,0
5235.02149817264,0.06150882094990417,0.06153496473696973,0
5235.379513797057,0.06150882094990417,0.06153496473696973,0
5240.160553547701,0.06163933274550568,0.06150461473736857,0
5240.496042198438,0.06163933274550568,0.06150461473736857,0
5261.9103221508,0.06157459556771111,0.061635386688413264,0
5262.255939082541,0.06157459556771111,0.061635386688413264,0
5282.912479904143,0.06151909599795169,0.061570551442332255,0
5284.354959282005,0.06151909599795169,0.061570551442332255,0
5352.108265473864,0.06091057651113055,0.061502303025487585,0
5353.859358533212,0.06091057651113055,0.061502303025487585,0
5393.235469734139,0.06063150808731879,0.06089065441743574,0
5394.459188434397,0.06063150808731879,0.06089065441743574,0
5399.408632650268,0.06074739333796322,0.0606177539911843,0
5399.422120862748,0.06074739333796322,0.0606177539911843,0
5407.357836572062,0.06084302351415421,0.06074724158584409,0
5408.195914504999,0.06084302351415421,0.06074724158584409,0
5428.166332156152,0.060794010317093375,0.06083359501041905,0
5429.512756715526,0.060794010317093375,0.06083359501041905,0
5441.103538310699,0.06083324782729013,0.06077893446181473,0
5443.560445089423,0.06083324782729013,0.06077893446181473,0
5461.156879703047,0.060792979823361654,0.060805791235144915,0
5464.008447134361,0.060792979823361654,0.060805791235144915,0
5467.266973428268,0.060907945710064935,0.060761253063969886,0
5467.390659524608,0.060907945710064935,0.060761253063969886,0
5518.492721281894,0.060523772861372,0.06090656781949335,0
5518.839983735077,0.060523772861372,0.06090656781949335,0
5553.60991350532,0.06032112539725628,0.06051996451869461,0
5553.74783833796,0.06032112539725628,0.06051996451869461,0
5558.262004746424,0.060450550857997706,0.060319627349205256,0
5558.310356727085,0.060450550857997706,0.060319627349205256,0
5564.370069561957,0.060563908544373574,0.06045002499605794,0
5564.732329557983,0.060563908544373574,0.06045002499605794,0
5612.625300368465,0.06022137269306229,0.0605599658783172,0
5612.871921172706,0.06022137269306229,0.0605599658783172,0
5660.290269092731,0.05989092146935729,0.06021872666023371,0
5661.3154001634075,0.05989092146935729,0.06021872666023371,0
5671.027433266582,0.05995386268201418,0.059880076632051825,0
5671.051482475182,0.05995386268201418,0.059880076632051825,0
5676.0494458590965,0.060076996025602465,0.05995360843587404,0
5676.786222688913,0.060076996025602465,0.05995360843587404,0
5682.890934243128,0.06018063762920853,0.06006919877255465,0
5683.299247584107,0.06018063762920853,0.06006919877255465,0
5687.586038707991,0.06030678000572575,0.060176313986172646,0
5688.915098707888,0.06030678000572575,0.060176313986172646,0
5692.701590231263,0.06042825090117277,0.06029269096983094,0
5695.269330301018,0.06042825090117277,0.06029269096983094,0
5709.128296722534,0.060429540565423226,0.060401006528310784,0
5709.397102874555,0.060429540565423226,0.060401006528310784,0
5715.569300979279,0.0605364018490193,0.06042669546076943,0
5716.760380994688,0.0605364018490193,0.06042669546076943,0
5725.761091652836,0.06060329700201178,0.060523789163924646,0
5726.865021523279,0.06060329700201178,0.060523789163924646,0
5735.52344004052,0.060674497042512564,0.06059161490551458,0
5735.618146790465,0.060674497042512564,0.06059161490551458,0
5753.525756872156,0.06065845791741622,0.060673495182857265,0
5755.271389594849,0.06065845791741622,0.060673495182857265,0
5766.33904657295,0.060697089986065246,0.060640059586237575,0
5768.687455369086,0.060697089986065246,0.060640059586237575,0
5773.992028177083,0.06078983107131425,0.060672380451855606,0
5774.090458187282,0.06078983107131425,0.060672380451855606,0
5777.245063539596,0.06092869458169341,0.06078879479664282,0
5777.541783880459,0.06092869458169341,0.06078879479664282,0
5783.132813388665,0.06103958034350542,0.06092556543374419,0
5785.410905564661,0.06103958034350542,0.06092556543374419,0
5789.706556008262,0.061142995171773754,0.06101554509472597,0
5789.8758731114585,0.061142995171773754,0.06101554509472597,0
5805.820248934782,0.061145537543146174,0.06114120712742701,0
5806.934684815207,0.061145537543146174,0.06114120712742701,0
5811.791914257559,0.06125477395821011,0.061133802818258684,0
5812.324076682532,0.06125477395821011,0.061133802818258684,0
5834.275070333602,0.061190121428331426,0.061249165618306706,0
5836.7729627191775,0.061190121428331426,0.061249165618306706,0
5838.544329699099,0.06131665356704592,0.0611639346399529,0
5841.286244527238,0.06131665356704592,0.0611639346399529,0
5859.2986469507005,0.06127013173954377,0.06128787137172296,0
5859.54396343101,0.06127013173954377,0.06128787137172296,0
5870.4440962202525,0.06132415096700943,0.06126756659571002,0
5872.142368741073,0.06132415096700943,0.06126756659571002,0
5874.0029532110675,0.061457238424208936,0.06130641551137669,0
5874.380503523459,0.061457238424208936,0.06130641551137669,0
5889.500730046004,0.06146531201757273,0.06145328852693009,0
5889.671969665883,0.06146531201757273,0.06145328852693009,0
5899.353908004186,0.06153216193852773,0.061463524940682905,0
5900.118480090642,0.06153216193852773,0.061463524940682905,0
5904.169402601489,0.061651347578139386,0.0615241882387459,0
5904.415701183968,0.061651347578139386,0.0615241882387459,0
5917.720738033022,0.06167915252474748,0.061648775835178714,0
5918.0221477194145,0.06167915252474748,0.061648775835178714,0
5921.3013070619845,0.06181073737347119,0.06167601115529069,0
5923.150000538625,0.06181073737347119,0.06167601115529069,0
5971.8185155479505,0.06145531701013615,0.061791445424599675,0
5971.9522180131235,0.06145531701013615,0.061791445424599675,0
5981.096397366306,0.06152718089647306,0.06145394112381251,0
5981.13415579795,0.06152718089647306,0.06145394112381251,0
6000.784647005012,0.061491958419832266,0.061526792480197205,0
6000.89194174214,0.061491958419832266,0.061526792480197205,0
6004.285619770595,0.06162265145776602,0.06149085895602285,0
6004.5506881427955,0.06162265145776602,0.06149085895602285,0
6036.718413069624,0.06145723133230417,0.06161993115165804,0
6036.952681124983,0.06145723133230417,0.06161993115165804,0
6040.246973534692,0.061586885706812304,0.06145484644263674,0
6042.621486461341,0.061586885706812304,0.06145484644263674,0
6055.89603429886,0.06159286716407198,0.06156268447948894,0
6058.115574744413,0.06159286716407198,0.06156268447948894,0
6066.854920884369,0.06164643870295185,0.061570301094121434,0
6067.515205630442,0.06164643870295185,0.061570301094121434,0
6086.186174267506,0.06161494066440262,0.061639730157238184,0
6089.188961304616,0.06161494066440262,0.061639730157238184,0
6093.326543797409,0.06170685212706061,0.061584556232864185,0
6094.217061993181,0.06170685212706061,0.061584556232864185,0
6100.280413567873,0.06180043775717252,0.06169783520592636,0
6101.405869711836,0.06180043775717252,0.06169783520592636,0
6123.791076919323,0.06172646898825283,0.06178903814143499,0
6125.442822123422,0.06172646898825283,0.06178903814143499,0
6133.473590411523,0.061792065199806484,0.06170982424891267,0
6134.142909563439,0.061792065199806484,0.06170982424891267,0
6173.086505093887,0.06155753684748024,0.061785322837705624,0
6175.062344153011,0.06155753684748024,0.061785322837705624,0
6198.946017947232,0.06146206127572754,0.06153784023894287,0
6199.070097399254,0.06146206127572754,0.06153784023894287,0
6219.168307169039,0.061423004030885624,0.06146083106236272,0
6219.32863216422,0.061423004030885624,0.06146083106236272,0
6224.352033039814,0.06153250940290288,0.06142142063765981,0
6224.645745231147,0.06153250940290288,0.06142142063765981,0
6234.365336306201,0.061594080437306575,0.06152960596888998,0
6235.111438018283,0.061594080437306575,0.06152960596888998,0
6240.803646356269,0.061690772826154296,0.061586710007872365,0
6241.896582924774,0.061690772826154296,0.061586710007872365,0
6254.613619323616,0.06171444368800876,0.06167997096478648,0
6254.704315383457,0.06171444368800876,0.06167997096478648,0
6271.734413182606,0.0617054190283571,0.06171354880048163,0
6271.969644068483,0.0617054190283571,0.06171354880048163,0
6280.248620184829,0.06178099363024598,0.06170310476008012,0
6280.504646916731,0.06178099363024598,0.06170310476008012,0
6294.0542432471775,0.061804360904158695,0.061778475108760514,0
6295.965714732543,0.061804360904158695,0.061778475108760514,0
6354.394712179302,0.0613748464904922,0.061785596940234444,0
6356.534227391216,0.0613748464904922,0.061785596940234444,0
6365.042895791912,0.061429279645310766,0.061354188626788826,0
6367.911648483026,0.061429279645310766,0.061354188626788826,0
6370.7230314076805,0.06153147736409808,0.061401605672896646,0
6370.976214435927,0.06153147736409808,0.061401605672896646,0
6387.507189879213,0.06152634953158175,0.06152903209900099,0
6387.960398113043,0.06152634953158175,0.06152903209900099,0
6398.152641596346,0.06158027513105667,0.06152198440617906,0
6398.230177875728,0.06158027513105667,0.06152198440617906,0
6417.459841066844,0.06155083316179114,0.06157952887697011,0
6417.650209186273,0.06155083316179114,0.06157952887697011,0
6440.285679173518,0.0614879556167171,0.06154900736637126,0
6441.768652775814,0.0614879556167171,0.06154900736637126,0
6449.332635461479,0.0615567567126413,0.06147380034043293,0
6449.739130684095,0.0615567567126413,0.06147380034043293,0
6481.38933941133,0.06140658725435374,0.06155287709409916,0
6481.612681217782,0.06140658725435374,0.06155287709409916,0
6491.977139198002,0.06146047520575391,0.06140447132135991,0
6494.787633635505,0.06146047520575391,0.06140447132135991,0
6516.661984652963,0.06138111826914121,0.06143387936714673,0
6516.813868728288,0.06138111826914121,0.06143387936714673,0
6543.649579972581,0.06128078759402032,0.06137968769055196,0
6545.357819170223,0.06128078759402032,0.06137968769055196,0
6549.9499495485725,0.061374514782010836,0.06126479423715236,0
6551.108849696672,0.061374514782010836,0.06126479423715236,0
6583.253477907032,0.06121593241889313,0.06136365754609822,0
6584.8435971116905,0.06121593241889313,0.06136365754609822,0
6593.45965616733,0.06127284021858088,0.06120114989166453,0
6594.767729111447,0.06127284021858088,0.06120114989166453,0
6598.495203056021,0.061377630434955636,0.061260686743615365,0
6599.577935301974,0.061377630434955636,0.061260686743615365,0
6609.506913539551,0.06142666999384031,0.06136756076984923,0
6609.507181246637,0.06142666999384031,0.06136756076984923,0
6619.652975793074,0.061483585542675516,0.06142666750585529,0
6620.382527308695,0.061483585542675516,0.06142666750585529,0
6627.806638630301,0.06155882665948098,0.06147681018750027,0
6627.933685844875,0.06155882665948098,0.06147681018750027,0
6633.206997788735,0.0616594657963102,0.06155764667219833,0
6635.296475833981,0.0616594657963102,0.06155764667219833,0
6642.811045645124,0.06172085841110695,0.061640049015080876,0
6643.7490794331225,0.06172085841110695,0.061640049015080876,0
6647.120789230172,0.061831281998953935,0.06171214401658035,0
6647.455812833231,0.061831281998953935,0.06171214401658035,0
6667.124387202186,0.06179575722193673,0.06182816577833355,0
6667.327075512154,0.06179575722193673,0.06182816577833355,0
6678.905100134378,0.0618364827480017,0.061793878616394717,0
6679.390772713415,0.0618364827480017,0.061793878616394717,0
6688.474045554372,0.06189752657785573,0.061831986487028694,0
6688.747728343606,0.06189752657785573,0.061831986487028694,0
6695.1821144486685,0.061984871046957955,0.06189499392325303,0
6698.087465044449,0.061984871046957955,0.06189499392325303,0
6735.228230894258,0.06176479634228614,0.06195798459870455,0
6736.5616028453815,0.06176479634228614,0.06195798459870455,0
6746.170513602509,0.0618128461412575,0.061752571196601304,0
6746.5325202488475,0.0618128461412575,0.061752571196601304,0
6750.254383523043,0.06192359224569557,0.06180952937652465,0
6750.704229618606,0.06192359224569557,0.06180952937652465,0
6755.978719834477,0.06201914147092897,0.061919465848619425,0
6757.889353629559,0.06201914147092897,0.061919465848619425,0
6775.829609881578,0.06198502975746174,0.06200160702171922,0
6776.411724491562,0.06198502975746174,0.06200160702171922,0
6785.303913755872,0.06204585754022088,0.061979705052752354,0
6785.417225454828,0.06204585754022088,0.061979705052752354,0
6827.959968516735,0.06180469744196124,0.062044821418005026,0
6829.0830007666145,0.06180469744196124,0.062044821418005026,0
6832.466841745439,0.06191028947488304,0.061794533754038046,0
6834.31231501343,0.06191028947488304,0.061794533754038046,0
6837.465550525864,0.062011281353715995,0.061893571803964126,0
6840.4725179868465,0.062011281353715995,0.061893571803964126,0
6855.177246404406,0.06199693818608641,0.06198402213956754,0
6856.797518274664,0.06199693818608641,0.06198402213956754,0
6860.5231037919575,0.06209439040654797,0.06198228821360037,0
6861.866994269793,0.06209439040654797,0.06198228821360037,0
6866.882927259909,0.06218250762728319,0.062082229276047465,0
6867.17682748587,0.06218250762728319,0.062082229276047465,0
6872.2429053243395,0.062279521532686614,0.06217984635125935,0
6872.858949504289,0.062279521532686614,0.06217984635125935,0
6887.81322131269,0.06228391888917111,0.062273939148841384,0
6889.479098528772,0.06228391888917111,0.062273939148841384,0
6905.560245168709,0.06226866245947793,0.06226885862700588,0
6906.876350011086,0.06226866245947793,0.06226885862700588,0
6922.1152170857085,0.06226420486850204,0.062256797169868226,0
6922.633383700354,0.06226420486850204,0.062256797169868226,0
6943.38351591119,0.06221750519902083,0.06225954432525757,0
6943.419535825919,0.06221750519902083,0.06225954432525757,0
6962.442515545993,0.06219081867220907,0.062217182437416065,0
6963.159381886177,0.06219081867220907,0.062217182437416065,0
6965.704239051265,0.06230525803362435,0.062184416046313334,0
6966.510197519586,0.06230525803362435,0.062184416046313334,0
6997.108484183494,0.06216853732985405,0.06229804991235425,0
6998.244239130717,0.06216853732985405,0.06229804991235425,0
7019.587632477523,0.0621119106744617,0.062158447910076554,0
7019.837204006321,0.0621119106744617,0.062158447910076554,0
7026.456749585117,0.06219350884438348,0.06210970245167061,0
7026.929367324367,0.06219350884438348,0.06210970245167061,0
7031.357620150042,0.062292379887606046,0.062189325828729054,0
7031.7264997430475,0.062292379887606046,0.062189325828729054,0
7046.114267342307,0.0623038434154694,0.06228911207169467,0
7046.620248777284,0.0623038434154694,0.06228911207169467,0
7052.106660741079,0.06239270350935986,0.062299369698001594,0
7052.904987388056,0.06239270350935986,0.062299369698001594,0
7073.038321225909,0.06234944305003642,0.0623856412055464,0
7073.464821147275,0.06234944305003642,0.0623856412055464,0
7077.479085040807,0.06245161514277389,0.06234568364312192,0
7077.96823275406,0.06245161514277389,0.06234568364312192,0
7100.045474142333,0.0623939665757582,0.06244729920580844,0
7101.441554762307,0.0623939665757582,0.06244729920580844,0
7106.288950532001,0.06247986861929681,0.06238170047360584,0
7107.397066215498,0.06247986861929681,0.06238170047360584,0
7111.566140032298,0.06257412097948638,0.062470127370612534,0
7112.27362857869,0.06257412097948638,0.062470127370612534,0
7134.00376827726,0.06251748870434104,0.06256789646167317,0
7134.077862538381,0.06251748870434104,0.06256789646167317,0
7136.8603930228355,0.06263258287033299,0.06251683940008308,0
7137.697148456663,0.06263258287033299,0.06251683940008308,0
7142.632892082627,0.06272196916302296,0.06262524042458874,0
7144.468080607182,0.06272196916302296,0.06262524042458874,0
7168.033387621614,0.06263921716315837,0.06270585786729782,0
7168.325430165604,0.06263921716315837,0.06270585786729782,0
7179.160460134265,0.06268142389334255,0.06263666519805687,0
7180.608232621306,0.06268142389334255,0.06263666519805687,0
7195.994266877487,0.06267375754812818,0.06266878590530289,0
7196.230389168066,0.06267375754812818,0.06266878590530289,0
7202.271234160681,0.06275798082362473,0.06267170110046168,0
7203.168347006516,0.06275798082362473,0.06267170110046168,0
7249.050008845472,0.062490947013365626,0.062750164681052,0
7249.074130845639,0.062490947013365626,0.062750164681052,0
7253.405321319591,0.06259129055777143,0.062490739068653364,0
7254.215956188145,0.06259129055777143,0.062490739068653364,0
7273.250213759212,0.06255800180492226,0.06258429618609841,0
7275.3620003389815,0.06255800180492226,0.06258429618609841,0
7280.948762860928,0.06262920051381084,0.06253984337532623,0
7281.334222708227,0.06262920051381084,0.06253984337532623,0
7291.0546634757175,0.06267954652559739,0.0626258850442378,0
7291.3022178471165,0.06267954652559739,0.0626258850442378,0
7296.978235167509,0.06276570728862618,0.06267741842895894,0
7299.855008413933,0.06276570728862618,0.06267741842895894,0
7301.275222487105,0.06286573043929802,0.06274097217987229,0
7301.94866988498,0.06286573043929802,0.06274097217987229,0
7338.306472405435,0.06268476272144789,0.06285993243050696,0
7339.09613603684,0.06268476272144789,0.06285993243050696,0
7348.572075398936,0.06273327597116525,0.06267801803839063,0
7348.857278709196,0.06273327597116525,0.06267801803839063,0
7364.123614906567,0.06273658946528447,0.06273084134258397,0
7364.255322901319,0.06273658946528447,0.06273084134258397,0
7385.049217729734,0.06269423349115236,0.06273546743596396,0
7386.354951484343,0.06269423349115236,0.06273546743596396,0
7391.021631786864,0.0627788718686002,0.06268315062586544,0
7391.758551928706,0.0627788718686002,0.06268315062586544,0
7416.078645428615,0.06270160043227604,0.06277261313939023,0
7417.111365250986,0.06270160043227604,0.06277261313939023,0
7427.603478215825,0.0627389441785249,0.06269287018912989,0
7427.883854933001,0.0627389441785249,0.06269287018912989,0
7431.41090701427,0.0628413642904894,0.06273657600213019,0
7431.747485896957,0.0628413642904894,0.06273657600213019,0
7442.602914130951,0.06288122655468135,0.06283851824704947,0
7443.883112370938,0.06288122655468135,0.06283851824704947,0
7457.041211940293,0.06289357758262516,0.06287041224790782,0
7459.7546244970945,0.06289357758262516,0.06287041224790782,0
7469.772108680087,0.06292025956907664,0.06287070066083011,0
7470.677456069596,0.06292025956907664,0.06287070066083011,0
7477.061332102112,0.06299266236827596,0.06291263446505052,0
7477.094955907458,0.06299266236827596,0.06291263446505052,0
7485.140381157068,0.06305826958011404,0.06299237909609201,0
7486.2544546024355,0.06305826958011404,0.06299237909609201,0
7491.066157764002,0.06314187994585609,0.06304888550907077,0
7491.5589197941645,0.06314187994585609,0.06304888550907077,0
7565.9679228494015,0.06264895712397997,0.06313772674873336,0
7566.93000330901,0.06264895712397997,0.06313772674873336,0
7575.212820092949,0.06270450894001044,0.06264099176187969,0
7577.028780205755,0.06270450894001044,0.06264099176187969,0
7628.694569786336,0.062395996542476836,0.06268948076862146,0
7629.1321420913455,0.062395996542476836,0.06268948076862146,0
7634.412099146024,0.06248025307061386,0.062392417792034194,0
7637.745090713895,0.06248025307061386,0.062392417792034194,0
7647.628515515931,0.06250303594509163,0.06245298767301687,0
7647.741556035602,0.06250303594509163,0.06245298767301687,0
7718.807862126575,0.062056214969449026,0.06250211209383273,0
7720.689157347811,0.062056214969449026,0.06250211209383273,0
7728.231483055302,0.0621099408127764,0.06204109377258555,0
7728.560887869635,0.0621099408127764,0.06204109377258555,0
7744.325349379511,0.062109993872938016,0.062107293578211195,0
7745.273677797312,0.062109993872938016,0.062107293578211195,0
7749.5444619083255,0.062197204283322156,0.06210238914847386,0
7751.594426513308,0.062197204283322156,0.06210238914847386,0
7764.751757978988,0.062204177938293206,0.062180755787658665,0
7765.409124491425,0.062204177938293206,0.062180755787658665,0
7770.421892269641,0.06228748023083593,0.06219891215733373,0
7770.473975606118,0.06228748023083593,0.06219891215733373,0
7780.482050126636,0.06233546930322988,0.06228706273509483,0
7782.006684971891,0.06233546930322988,0.06228706273509483,0
7810.306582547142,0.06222547026335846,0.06232325666548201,0
7811.000920456953,0.06222547026335846,0.06232325666548201,0
7818.99004874042,0.06228425883192574,0.062219938897609094,0
7821.545098276976,0.06228425883192574,0.062219938897609094,0
7836.192544105917,0.06227514156311216,0.062263912549360895,0
7841.053898536437,0.06227514156311216,0.062263912549360895,0
7846.0574085450535,0.062324295443904804,0.06223653176151321,0
7846.307205510572,0.062324295443904804,0.06223653176151321,0
7868.258570264063,0.06227553347723235,0.062322311272310166,0
7869.6191061852505,0.06227553347723235,0.062322311272310166,0
7873.00658447232,0.062364992932735966,0.06226476699677584,0
7874.374646198949,0.062364992932735966,0.06226476699677584,0
7881.944999476885,0.062421140978864156,0.062354157893288874,0
7882.124126182536,0.062421140978864156,0.062354157893288874,0
7884.405528439612,0.06252849352074978,0.06241972241539477,0
7884.709258671124,0.06252849352074978,0.06241972241539477,0
7888.995849413564,0.0626188692996615,0.06252608483411466,0
7889.377837877733,0.0626188692996615,0.06252608483411466,0
7921.760771848765,0.062486108108573676,0.06261583741473935,0
7922.172572010121,0.062486108108573676,0.06261583741473935,0
7932.280636166525,0.06252930559951854,0.062482860036259205,0
7933.4688400887,0.06252930559951854,0.062482860036259205,0
7946.02514736786,0.06254699560882115,0.06251994052004804,0
7946.780823201056,0.06254699560882115,0.06251994052004804,0
7972.177528160479,0.06246724916008109,0.06254104788557673,0
7973.606283884692,0.06246724916008109,0.06254104788557673,0
7976.175995196821,0.06256130761162908,0.06245605592622482,0
7976.178443072196,0.06256130761162908,0.06245605592622482,0
7986.449648140742,0.06260604173675605,0.06256128841167193,0
7986.529491715845,0.06260604173675605,0.06256128841167193,0
8032.346392877735,0.062372808080617105,0.06260541584659932,0
8033.0259726631475,0.062372808080617105,0.06260541584659932,0
8037.9896286541525,0.06245342718662512,0.06236753145140225,0
8038.198536919231,0.06245342718662512,0.06236753145140225,0
8048.840135483138,0.062493476269026065,0.06245180405713139,0
8048.9784616494635,0.062493476269026065,0.06245180405713139,0
8070.647395029311,0.062448521826193544,0.06249240228391928,0
8071.659927746593,0.062448521826193544,0.06249240228391928,0
8077.718047761571,0.0625176562259364,0.062440688100285746,0
8078.363864005508,0.0625176562259364,0.062440688100285746,0
8088.798105878526,0.06255564712787985,0.06251265831811703,0
8089.606644280963,0.06255564712787985,0.06251265831811703,0
8097.31799457211,0.06261332460202973,0.06254939482845218,0
8097.969931513572,0.06261332460202973,0.06254939482845218,0
8107.023069645535,0.06266171881292197,0.0626082838400016,0
8107.042458833904,0.06266171881292197,0.0626082838400016,0
8112.614737762478,0.06274179366988973,0.06266156894817465,0
8113.7863763877795,0.06274179366988973,0.06266156894817465,0
8129.528340264316,0.06273426681767595,0.06273273369400742,0
8129.738904608623,0.06273426681767595,0.06273273369400742,0
8157.268520697644,0.06264351831785686,0.06273264196847564,0
8158.073791106225,0.06264351831785686,0.06273264196847564,0
8169.22066150292,0.06267427716976438,0.06263733487641192,0
8169.258270021031,0.06267427716976438,0.06263733487641192,0
8186.177786867553,0.06266660868555358,0.06267398863846692,0
8186.795195258016,0.06266660868555358,0.06267398863846692,0
8194.638525803899,0.06272393814339434,0.06266188267383818,0
8194.724608984676,0.06272393814339434,0.06266188267383818,0
8214.362317549856,0.06269506750386583,0.0627232792468037,0
8214.499806913662,0.06269506750386583,0.0627232792468037,0
8219.818640235779,0.06277510764947959,0.06269401815148316,0
8221.388703260296,0.06277510764947959,0.06269401815148316,0
8234.241694614335,0.06278659519286975,0.06276311930068136,0
8234.451898804651,0.06278659519286975,0.06276311930068136,0
8240.00635199162,0.06286402920973462,0.06278499241401239,0
8240.63924981712,0.06286402920973462,0.06278499241401239,0
8264.746911653778,0.06279684127631054,0.06285920112465737,0
8265.243046919739,0.06279684127631054,0.06285920112465737,0
8331.870714955274,0.0624109540089991,0.06279307178914952,0
8332.469083274267,0.0624109540089991,0.06279307178914952,0
8338.07105724035,0.0624844758965673,0.06240647217567167,0
8339.22009998782,0.0624844758965673,0.06240647217567167,0
8347.89964254868,0.0625306990203142,0.062475866298427704,0
8350.481640536695,0.0625306990203142,0.062475866298427704,0
8361.692810842136,0.06254714348293869,0.06251136431053221,0
8362.76259841266,0.06254714348293869,0.06251136431053221,0
8380.906165145894,0.06252307204908053,0.06253914228047928,0
8381.628693568746,0.06252307204908053,0.06253914228047928,0
8384.309086416777,0.06261696635809147,0.06251768232134491,0
8384.601819923528,0.06261696635809147,0.06251768232134491,0
8395.767677982225,0.06265061399679116,0.06261478019773016,0
8395.990776337361,0.06265061399679116,0.06261478019773016,0
8417.025528889926,0.0626111918267525,0.06264894924401769,0
8417.627601139555,0.0626111918267525,0.06264894924401769,0
8426.554400660883,0.06265906263639498,0.06260671355058,0
8428.58846207463,0.06265906263639498,0.06260671355058,0
8432.198252070517,0.06273571661696932,0.06264394119795914,0
8432.955629561475,0.06273571661696932,0.06264394119795914,0
8437.025860696518,0.06281834484696552,0.06273008221999962,0
8437.936258640262,0.06281834484696552,0.06273008221999962,0
8448.93383274151,0.0628481664683248,0.06281156715983623,0
8450.22333476255,0.0628481664683248,0.06281156715983623,0
8474.218107366503,0.06277865323498587,0.06283857585344176,0
8474.533453636659,0.06277865323498587,0.06283857585344176,0
8485.693534627022,0.06281160141183761,0.06277631717551412,0
8485.847898672075,0.06281160141183761,0.06277631717551412,0
8505.69960206792,0.06278143186131016,0.06281045882090434,0
8506.831438897525,0.06278143186131016,0.06281045882090434,0
8517.492468513648,0.06281191348013726,0.06277307877034952,0
8517.678294011124,0.06281191348013726,0.06277307877034952,0
8522.085096013592,0.06289540575589027,0.06281054314720533,0
8522.465339897464,0.06289540575589027,0.06281054314720533,0
8537.485855725954,0.0628990793161716,0.06289259957335876,0
8537.974243234201,0.0628990793161716,0.06289259957335876,0
8558.893596627146,0.06285859193436087,0.06289548137551929,0
8559.73752364983,0.06285859193436087,0.06289548137551929,0
8563.135351221343,0.06294423454641804,0.06285239454055122,0
8563.242652091916,0.06294423454641804,0.06285239454055122,0
8568.234294805252,0.06302348668586141,0.06294344582987235,0
8568.550914745998,0.06302348668586141,0.06294344582987235,0
8574.534189459166,0.0630938063860147,0.06302115787988026,0
8575.650321234647,0.0630938063860147,0.06302115787988026,0
8579.434351222564,0.06317432802813688,0.06308559464702049,0
8579.547734331933,0.06317432802813688,0.06308559464702049,0
8615.308133016448,0.063027345234358,0.06317349314709585,0
8618.228268556713,0.063027345234358,0.06317349314709585,0
8621.671622263853,0.06309681275673058,0.06300598952352136,0
8622.21955404048,0.06309681275673058,0.06300598952352136,0
8659.421656412691,0.0629372285614944,0.06309280302947921,0
8662.015994858752,0.0629372285614944,0.06309280302947921,0
8664.870182299632,0.0630130617669673,0.06291837839175995,0
8665.388504213339,0.0630130617669673,0.06291837839175995,0
8691.857616366797,0.06293246209763,0.06300929262831326,0
8692.222667420132,0.06293246209763,0.06300929262831326,0
8716.096795325357,0.06287217924127518,0.06292981909566643,0
8718.493589992386,0.06287217924127518,0.06292981909566643,0
8744.421646991263,0.0627828828666899,0.06285489509667444,0
8744.667330638988,0.0627828828666899,0.06285489509667444,0
8757.779524526639,0.06280130693627249,0.0627811189656638,0
8758.291701618695,0.06280130693627249,0.0627811189656638,0
8768.779474357743,0.06283656711989068,0.06279763437182045,0
8769.837086632433,0.06283656711989068,0.06279763437182045,0
8788.93569686603,0.06280623946274096,0.06282898924540693,0
8789.199352908268,0.06280623946274096,0.06282898924540693,0
8804.256912068848,0.06281052512699276,0.06280435541803339,0
8805.676913195051,0.06281052512699276,0.06280435541803339,0
8896.726826933207,0.06227009222345309,0.06280039631835067,0
8896.97590590109,0.06227009222345309,0.06280039631835067,0
8907.866735870757,0.06230447945130243,0.062268348915337494,0
8913.82974037606,0.06230447945130243,0.062268348915337494,0
8969.284043487243,0.06198934020867825,0.06226280018408624,0
8970.987678686262,0.06198934020867825,0.06226280018408624,0
8991.894930405535,0.061944673988186746,0.061977568124519176,0
8994.063074132213,0.061944673988186746,0.061977568124519176,0
8995.428375027803,0.062031509421948496,0.061929741364832695,0
8995.465506504412,0.062031509421948496,0.061929741364832695,0
9000.029421045825,0.06211090807023638,0.06203125336832465,0
9000.590305304288,0.06211090807023638,0.06203125336832465,0
9016.365759855235,0.06210928160139228,0.06210703754292276,0
9016.643789278236,0.06210928160139228,0.06210703754292276,0
9038.224958452947,0.062069709769209495,0.06210736645334714,0
9043.919802145092,0.06214368651528761,0.06210736645334714,1
9052.19035399425,0.06219489184201457,0.06203062524580753,1
9052.707865398344,0.06219489184201457,0.06203062524580753,1
9089.760493961281,0.062047839475494374,0.062080872193843895,1
9089.93737849495,0.062047839475494374,0.062080872193843895,1
9104.032062020531,0.062060414127606336,0.061936620304112344,1
9105.747334396156,0.062060414127606336,0.061936620304112344,1
9121.750576432854,0.06204949316004424,0.06193890290251519,1
9122.124043962513,0.06204949316004424,0.06193890290251519,1
9140.156870024324,0.06203394625091277,0.061937329209412126,1
9141.719020085688,0.06203394625091277,0.061937329209412126,1
9148.202362969876,0.062088700868615704,0.06191395718424681,1
9149.378738044992,0.062088700868615704,0.06191395718424681,1
9158.046857446147,0.062131151855524994,0.06197142081814777,1
9158.575210128069,0.062131151855524994,0.06197142081814777,1
9162.275125428454,0.06221162235327933,0.06201838025764898,1
9162.366075600568,0.06221162235327933,0.06201838025764898,1
9194.265464816039,0.06210392795216346,0.062101862696279965,1
9194.554673881956,0.06210392795216346,0.062101862696279965,1
9220.001072104209,0.0620390383392284,0.061993214485867545,1
9221.938869359163,0.0620390383392284,0.061993214485867545,1
9237.859596889337,0.06202735536194404,0.06191756506836171,1
9238.322327070231,0.06202735536194404,0.06191756506836171,1
9247.216038746583,0.06207273600994003,0.06191600376660592,1
9247.578026537412,0.06207273600994003,0.06191600376660592,1
9298.228467580437,0.061839736677240964,0.061962169808752555,1
9300.530581158731,0.061839736677240964,0.061962169808752555,1
9304.191388420435,0.06190758293266225,0.06171690905063254,1
9309.971450608737,0.06190758293266225,0.06171690905063254,1
9315.254034794323,0.06194141328242799,0.06176173611814925,1
9316.239912489627,0.06194141328242799,0.06176173611814925,1
9320.155341848971,0.0620161337230817,0.06182751897874563,1
9320.158134939242,0.0620161337230817,0.06182751897874563,1
9341.476751679791,0.06198163474483666,0.061908820821070916,1
9345.30274615432,0.06198163474483666,0.061908820821070916,1
9347.466552729877,0.06204889814027889,0.0618492536518255,1
9347.509076713679,0.06204889814027889,0.0618492536518255,1
9373.393682914812,0.06198395369427484,0.06194163549328802,1
9375.492802586039,0.06198395369427484,0.06194163549328802,1
9415.151095317804,0.06181525863025514,0.06186341477858303,1
9415.496944294402,0.06181525863025514,0.06186341477858303,1
9432.944706336079,0.06180466632104827,0.061706780155886945,1
9436.359555982546,0.06180466632104827,0.061706780155886945,1
9452.222774339087,0.06178440922757813,0.061676327247515546,1
9452.409232542643,0.06178440922757813,0.061676327247515546,1
9461.07417335297,0.06183230247233947,0.06167739733409494,1
9463.517584612096,0.06183230247233947,0.06167739733409494,1
9466.051225959074,0.061905433006002784,0.06171066886900467,1
9467.055725138513,0.061905433006002784,0.06171066886900467,1
9508.515603808395,0.061734136479188406,0.061793235086449315,1
9508.846789737509,0.061734136479188406,0.061793235086449315,1
9523.35501769,0.06174294656744049,0.06162682110226497,1
9524.927887892576,0.06174294656744049,0.06162682110226497,1
9528.855803325774,0.061812248202394504,0.061627763160932006,1
9528.873140035595,0.061812248202394504,0.061627763160932006,1
9539.556477588876,0.061847739083685634,0.06170719153868424,1
9539.921083435413,0.061847739083685634,0.06170719153868424,1
9550.281876194338,0.06188299022599171,0.061740552657474995,1
9551.357500501383,0.06188299022599171,0.061740552657474995,1
9570.64280551235,0.061855824319243115,0.06177132412529098,1
9572.493586737595,0.061855824319243115,0.06177132412529098,1
9575.978044076806,0.06192578943586848,0.061739398897985465,1
9576.368398399374,0.06192578943586848,0.061739398897985465,1
9605.108100905061,0.061842094202357714,0.06181884148263854,1
9608.363644531082,0.061842094202357714,0.06181884148263854,1
9617.012636455474,0.06186952461147,0.061717064626038126,1
9617.496611640696,0.06186952461147,0.061717064626038126,1
9637.895615333422,0.061839225468658644,0.061762434028938704,1
9640.127970238542,0.061839225468658644,0.061762434028938704,1
9647.011762919528,0.06188444822827982,0.061721172357557086,1
9649.46059828312,0.06188444822827982,0.061721172357557086,1
9657.009106938991,0.0619239345617175,0.06176511048773475,1
9659.680616499181,0.0619239345617175,0.06176511048773475,1
9688.165403155263,0.061828011297672146,0.061803285605560955,1
9688.181334968389,0.061828011297672146,0.061803285605560955,1
9694.325672640878,0.061891875748852486,0.06172469107711547,1
9694.69425961102,0.061891875748852486,0.06172469107711547,1
9697.68826387091,0.06197353262416645,0.061786373449185354,1
9698.05283581934,0.06197353262416645,0.061786373449185354,1
9708.075686321188,0.06201022936483965,0.061868089415220116,1
9708.525446771573,0.06201022936483965,0.061868089415220116,1
9745.074540453708,0.061877412789079156,0.06190435440428842,1
9745.350201306836,0.061877412789079156,0.06190435440428842,1
9768.057617972858,0.061834197096530506,0.06177304946099041,1
9768.997042749204,0.061834197096530506,0.06177304946099041,1
9777.12626390697,0.061879123135946915,0.06172588622570643,1
9778.76238034594,0.061879123135946915,0.06172588622570643,1
9815.09400809342,0.06174163991708067,0.06176650750957633,1
9815.750896651876,0.06174163991708067,0.06176650750957633,1
9821.178643531814,0.06180520913340352,0.06163563097412789,1
9823.7701384433,0.06180520913340352,0.06163563097412789,1
9835.07766927428,0.06181954230005218,0.06168711110498645,1
9835.497681239089,0.06181954230005218,0.06168711110498645,1
9871.377832129581,0.06169351536903118,0.061715229841173565,1
9871.396057094182,0.06169351536903118,0.061715229841173565,1
9893.697660486967,0.06165541144805671,0.06159209867413378,1
9893.833519452906,0.06165541144805671,0.06159209867413378,1
9932.90941405446,0.06151269225665869,0.06155349175853886,1
9933.355552760413,0.06151269225665869,0.06155349175853886,1
9938.23158314566,0.06158037221007171,0.061409258609542584,1
9938.411232315306,0.06158037221007171,0.061409258609542584,1
9972.919878976287,0.06146645189562317,0.06147863936373441,1
9973.76408651444,0.06146645189562317,0.06147863936373441,1
9980.8709838125,0.06151767726442085,0.06136098615240832,1
9981.271213812992,0.06151767726442085,0.06136098615240832,1
